1	1.2662167227666496
2	1.1454867274094
3	0.9356228692556697
4	0.7219154359157302
5	0.5775323487325841
6	0.6097208816084695
7	0.6420075004651479
8	0.7085342630157514
9	0.6567295881342695
10	0.6072006835750247
11	0.6470673508348918
12	0.6382441051884856
13	0.6227230061019946
14	0.6542760907947575
15	0.6254537335986543
16	0.5985123663632119
17	0.58418484403824
18	0.5836834741519391
19	0.5823021431454154
20	0.5602590631152357
21	0.539452476070813
22	0.5232882124624003
23	0.5118133026707877
24	0.5609928357895325
25	0.5609928357895325
26	0.5224596584901378
27	0.49441046351291573
28	0.4895327779554452
29	0.501344864023138
30	0.49731249369084257
31	0.44906544931396003
32	0.4517640384643003
33	0.444260395466893
34	0.42666575896469816
35	0.46164131435606864
36	0.4797779556401074
37	0.4763505791539707
38	0.4780075622647192
39	0.47050269028336905
40	0.5312484411890478
41	0.4887441920951379
42	0.461742646228034
43	0.45146245516703176
44	0.4626334167164057
45	0.4939691287275287
46	0.5122653112725398
47	0.5329419438344652
48	0.49743086257110586
49	0.5128551168047204
50	0.5322652396893888
51	0.5860409486322478
52	0.576649976598056
53	0.5826971660123075
54	0.5807285978372947
55	0.5467706152573844
56	0.5728232827936683
57	0.6010076840317804
58	0.6010076840317804
59	0.6286104398627099
60	0.5882056931662349
61	0.5962777202933259
62	0.6083146526763485
63	0.6163896053356737
64	0.6090275454797773
65	0.5995153243218594
66	0.6095236744285856
67	0.5821819032907122
68	0.5638595900680433
69	0.5563192071812442
70	0.5697457683128077
71	0.5119304025751532
72	0.5580827156131016
73	0.6147716377712114
74	0.6208357448175603
75	0.6345158930108501
76	0.5806069912989485
77	0.5451747693321297
78	0.5218318040442311
79	0.5030739515253951
80	0.47566092018910033
81	0.5275681616630548
82	0.521779050008739
83	0.5430180905868374
84	0.5375846969174597
85	0.5157612060642546
86	0.5346120276015631
87	0.5516281538341676
88	0.5766239517423941
89	0.586150703498396
90	0.5733625160470641
91	0.5854771255011848
92	0.5270298023202782
93	0.5166096417276717
94	0.47688542976849657
95	0.45816269924817715
96	0.4855757305844719
97	0.4825433602521764
98	0.5375378635747556
99	0.5204405324467336
100	0.5341776981497726
101	0.4782380863435227
102	0.46795789528252046
103	0.44834141095334035
104	0.4131189589734241
105	0.4420699033396141
106	0.4457643910230953
107	0.48210107230450056
108	0.4893730587048422
109	0.47438981208816144
110	0.48926203304399357
111	0.48926203304399357
112	0.48522966271169815
113	0.4349661098338693
114	0.4532884230565382
115	0.4462163959294472
116	0.46420332075957643
117	0.48190814498591183
118	0.41984161453624164
119	0.4077270050821209
120	0.41925225051157583
121	0.4335087762617914
122	0.4335087762617914
123	0.514552184405665
124	0.4981799384479412
125	0.4763010212088422
126	0.4517345124587921
127	0.3953493346124869
128	0.3630815503039188
129	0.3504646439990077
130	0.3298004522284911
131	0.3340580887320942
132	0.35184192279050375
133	0.3847845463734019
134	0.38320945749266755
135	0.42028359448923125
136	0.4177264803270422
137	0.4194317789853752
138	0.46943715969646405
139	0.503441011982878
140	0.47817860085038416
141	0.4799913778154867
142	0.4856713139122699
143	0.4248945923517714
144	0.47208806228751204
145	0.48414316862030826
146	0.46493186262492214
147	0.5200405156035026
148	0.5418640064567077
149	0.5444990867113926
150	0.5383175136205022
151	0.5259849244575739
152	0.5493805064905934
153	0.551023984729495
154	0.5342767603875604
155	0.49720262339099686
156	0.45839943818155743
157	0.4639006028682834
158	0.47723330569370265
159	0.44726911020208415
160	0.4513087669968797
161	0.45348302476967817
162	0.4478030886728949
163	0.4235188292780597
164	0.3966923966123683
165	0.3816049199472766
166	0.4037448334023283
167	0.3445965236289522
168	0.3580556939374915
169	0.3487554751068587
170	0.3675180218183387
171	0.36347836502354314
172	0.379620073602953
173	0.4044825253671515
174	0.41659713482127225
175	0.4609919674095533
176	0.5219258391546203
177	0.5219258391546203
178	0.487799696200255
179	0.5392127980236843
180	0.5545453871866124
181	0.5322621699037005
182	0.5425423609647027
183	0.5816899874030039
184	0.6166129947715331
185	0.6360231176562016
186	0.6342242084103535
187	0.6382638652051491
188	0.6526310673569519
189	0.6931007058463611
190	0.6692955768078515
191	0.6692955768078515
192	0.6583196741073672
193	0.5865385313584409
194	0.632623444781891
195	0.58822861219361
196	0.5910728616865171
197	0.5925369097353167
198	0.601262652346972
199	0.5946349171666384
200	0.6366773659496222
201	0.6463969588412011
202	0.6678710532782405
203	0.6260758610754514
204	0.6148503613984075
205	0.6258596891019027
206	0.6321067626784341
207	0.6321067626784341
208	0.590528926491978
209	0.5500592880025688
210	0.5613095740981466
211	0.5750467398011856
212	0.5575995442298332
213	0.5632794803266163
214	0.5121519845761365
215	0.5631076078249627
216	0.5104044392463137
217	0.4937266125343632
218	0.5040289067658195
219	0.46492347621950714
220	0.40350878147879954
221	0.41561267944042585
222	0.441556962364305
223	0.508146839678533
224	0.4848319844258039
225	0.4584449041699357
226	0.4660162970894405
227	0.48208559980475857
228	0.4953306772126619
229	0.49229830688036647
230	0.5353906883984052
231	0.5256931794901617
232	0.5610029400260276
233	0.5512833471344487
234	0.5761092135241691
235	0.5332256174024339
236	0.5563167106760145
237	0.5466192017677711
238	0.49837922434251675
239	0.48865963145093794
240	0.5239422926126823
241	0.516233411213598
242	0.46156721312397264
243	0.45179769541867865
244	0.4967690134276631
245	0.49273664309536763
246	0.4936323501678818
247	0.5064086295949791
248	0.5108862827073952
249	0.5291298431955117
250	0.4717548052495997
251	0.5074005986760851
252	0.4878389604135346
253	0.5433048159788461
254	0.557647857710686
255	0.549575830583595
256	0.5154097846506892
257	0.5606608797148397
258	0.5703804726064184
259	0.6136446177176571
260	0.6204808546394245
261	0.627683349720298
262	0.6689300113956878
263	0.6147572175512415
264	0.553075866628247
265	0.5611332464761121
266	0.5830774702497438
267	0.5872562245901578
268	0.6031369658370067
269	0.5808537485540947
270	0.6111582294492506
271	0.575512436022765
272	0.5451489437783208
273	0.4967551153401003
274	0.4545538368862444
275	0.48496882930123403
276	0.5331126950644283
277	0.495936552659603
278	0.4999541254710632
279	0.5156567318482788
280	0.47757749055956245
281	0.5093098614474647
282	0.5061496693987655
283	0.5350298213895406
284	0.5493124778174139
285	0.5539626655166879
286	0.4898912368382112
287	0.4625468364521649
288	0.4249109943527012
289	0.4249109943527012
290	0.3905668566627497
291	0.39762423651061474
292	0.3793019232879459
293	0.3762695529556504
294	0.3963388556709685
295	0.4164427450400486
296	0.36829887927685434
297	0.3561842698227336
298	0.4053822528865612
299	0.387646999230438
300	0.4509348372348462
301	0.42384118391839987
302	0.4186568761514856
303	0.4131993415176124
304	0.4211603614174207
305	0.44526004875865643
306	0.4656270860287058
307	0.4702273409929248
308	0.5340586637243416
309	0.5421306908514326
310	0.5461703476462282
311	0.5431453381306587
312	0.5512173652577497
313	0.5568973013545329
314	0.5368279986392148
315	0.5314676136089266
316	0.6114651952126995
317	0.6114651952126995
318	0.5698471509808272
319	0.540730262602617
320	0.4877226156592111
321	0.4898262137066616
322	0.4569240518468855
323	0.4651191602230357
324	0.48984381840109814
325	0.5206235950682727
326	0.5266106298061736
327	0.5122907819503758
328	0.45413939531574216
329	0.44606736818865117
330	0.46032389393886675
331	0.4562915236065713
332	0.4649667208214148
333	0.455247127929836
334	0.4882714644126655
335	0.44311296765888414
336	0.3908862961289446
337	0.39492595292374016
338	0.38332844128032456
339	0.42304241620033983
340	0.43913756075953164
341	0.4508301545748569
342	0.4437581274477659
343	0.4549829963829632
344	0.41771217078546263
345	0.3460854824351177
346	0.36882719587194845
347	0.372866852666744
348	0.407597295560278
349	0.4599209975815661
350	0.441624815036555
351	0.4757908609694608
352	0.4590436366275263
353	0.4831317899872219
354	0.4501074535043924
355	0.5018352570542997
356	0.5370087814030211
357	0.6028451315928386
358	0.644548744720451
359	0.6110424735689839
360	0.6203794951232204
361	0.5846671379487899
362	0.6369004905446868
363	0.5980754686878976
364	0.653966148169048
365	0.6994989461091757
366	0.7213549909867031
367	0.7253873613189985
368	0.7010462850439995
369	0.6527622398175069
370	0.6691344857752307
371	0.6390008101746203
372	0.6664138415109151
373	0.6423256881512195
374	0.67803804532565
375	0.6263102417757429
376	0.563365807353188
377	0.5539298014609695
378	0.5065462522365738
379	0.48822393901390493
380	0.4525115818394744
381	0.4788869174596684
382	0.4500076368717216
383	0.44599006406026137
384	0.42795691681371206
385	0.43352359773895816
386	0.36661142421144544
387	0.39561353408091804
388	0.3795442313656
389	0.3852241674623832
390	0.39067541235786457
391	0.38260338523077353
392	0.41281393148584405
393	0.4239109681285046
394	0.4212579793513934
395	0.4688453617731767
396	0.5029256521604794
397	0.4643091419212899
398	0.47859179834916327
399	0.5122519032619894
400	0.5179318393587726
401	0.501254012646822
402	0.4849719677659629
403	0.5489506760423545
404	0.5137282240624382
405	0.46666840199185994
406	0.4626287451970644
407	0.4336266353275917
408	0.43930657142437496
409	0.44595922449052
410	0.4448854233461204
411	0.46897357670581596
412	0.4401080084186919
413	0.48971547712626506
414	0.4596884790612411
415	0.4583758839270791
416	0.4202559367449809
417	0.4201769269129068
418	0.4161744615460357
419	0.39058638376030064
420	0.38793881799581287
421	0.3812736794198649
422	0.38392124518435267
423	0.3343110973760778
424	0.34819345133503643
425	0.3841279835271079
426	0.46595248083922386
427	0.47962493473326384
428	0.4963733851060533
429	0.5057326549073613
430	0.519442072581515
431	0.5428875238561727
432	0.5433414551340743
433	0.5223889637530668
434	0.5193565934207712
435	0.5027270341927998
436	0.5067666909875954
437	0.5200957829606593
438	0.5428500721014251
439	0.5388177017691297
440	0.5895143855951844
441	0.586482015262889
442	0.6356930416075269
443	0.6456087405342454
444	0.6317263865752867
445	0.5998242247155108
446	0.5220393841981903
447	0.5412376931909909
448	0.5382194296060867
449	0.5485519071246799
450	0.5251898363843813
451	0.5011060114294921
452	0.47996609797444034
453	0.4523286934593349
454	0.4553610637916304
455	0.4630950697232092
456	0.46712744005550466
457	0.4461684765154305
458	0.4623135294324072
459	0.4919339775504378
460	0.45916106450551847
461	0.47686588873185387
462	0.43167243519867615
463	0.40170823970705766
464	0.44265658158016796
465	0.44165658158016796
466	0.4678138543689023
467	0.47030712667194097
468	0.46722438426252627
469	0.4724977096095321
470	0.5280520440096351
471	0.5046022643301711
472	0.4965302372030801
473	0.5384323042246759
474	0.5353999338923805
475	0.5020603566959474
476	0.5419230308276994
477	0.5906056526490648
478	0.5832709908931306
479	0.5639307338361023
480	0.5942724891854467
481	0.5908241907093268
482	0.6302330641082399
483	0.6800488243304306
484	0.6428371960097102
485	0.6428371960097102
486	0.6269601142819782
487	0.6098073850874851
488	0.5934800046122313
489	0.5974674889596276
490	0.530816117916864
491	0.5985468462833445
492	0.5985468462833445
493	0.5686183231673236
494	0.5954558225381288
495	0.6035307751974539
496	0.5808584850711048
497	0.5277808466871974
498	0.4916159114211701
499	0.5303939853221598
500	0.5205527738991826
501	0.5022565913541714
502	0.4709340431054246
503	0.47827336338932513
504	0.4652364310063025
505	0.4997402187991333
506	0.5057874082133849
507	0.4865761022179987
508	0.49363348206586366
509	0.4553807062209275
510	0.4594203630157231
511	0.4338844424407746
512	0.4838844424407746
513	0.48324606876054305
514	0.46610607829798134
515	0.4677286345468996
516	0.44246622341440567
517	0.46195857110496963
518	0.4930858898965611
519	0.4399879681397735
520	0.45842301260817353
521	0.46952004925083407
522	0.44769655839762895
523	0.3945738482238331
524	0.4748450472100799
525	0.4453838417442789
526	0.4850896705187721
527	0.47801764339168107
528	0.48124045460481835
529	0.5082883746598255
530	0.5185685657208278
531	0.47637375792929565
532	0.4642733172882238
533	0.45593814706288055
534	0.5247881022353461
535	0.5293471190773182
536	0.5686980688327463
537	0.5586132617104907
538	0.5345135743692551
539	0.5442331672608338
540	0.48030178095784015
541	0.46920474431517956
542	0.5234802131802321
543	0.5626353655194537
544	0.49940109891622947
545	0.523080431754946
546	0.5029817546972705
547	0.5408813140561987
548	0.5555124105665908
549	0.5492486975601102
550	0.5567523405575174
551	0.6266283475421306
552	0.6205393550518313
553	0.6506438184839353
554	0.5985487128442507
555	0.5945723781550374
556	0.6160033631681463
557	0.6130008978012753
558	0.6185368907422528
559	0.6362303291869688
560	0.6834575086532814
561	0.7666261415572159
562	0.7821145627935716
563	0.734887383327259
564	0.7228930332712661
565	0.7130549130848792
566	0.68740057195381
567	0.6713245034480869
568	0.7127514757817732
569	0.6959922782488162
570	0.674168787395611
571	0.627742560090462
572	0.6478527415744999
573	0.6263781497094063
574	0.6181693517564983
575	0.6295810196597323
576	0.6112279692631043
577	0.6360460911840197
578	0.6538714114354902
579	0.6543302893505949
580	0.6304571818922324
581	0.5472885489882979
582	0.5148516525076646
583	0.5561889711322955
584	0.5521463888052658
585	0.5359101595903942
586	0.5256299685293919
587	0.5417744301518692
588	0.4857163613077907
589	0.5281261879162855
590	0.5448734122582201
591	0.5254632893735516
592	0.5040055050922344
593	0.5120805099035516
594	0.5255381291556064
595	0.5216301042497796
596	0.5405606512051098
597	0.5429335468844199
598	0.5068646661448329
599	0.5137335934284003
600	0.5041166871234892
601	0.5041166871234892
602	0.4708293502975097
603	0.43656405879996985
604	0.4355640587999699
605	0.47763857188610814
606	0.5277133966822086
607	0.4897454442065263
608	0.5404780128511762
609	0.5070801091101347
610	0.5040700504712391
611	0.5472113107154922
612	0.5898786849779255
613	0.5723790470012752
614	0.5823845291052947
615	0.5823055192732206
616	0.5320431245886421
617	0.5705591811332781
618	0.5665195243384825
619	0.5620332877201981
620	0.6186165023924732
621	0.6530346129217866
622	0.6972349335522454
623	0.6942025632199499
624	0.7396927236526871
625	0.73789861767497
626	0.7360338627890128
627	0.7704476610539773
628	0.7053952445535295
629	0.6852862850434158
630	0.7151702580422052
631	0.6750613681302475
632	0.6019310297964646
633	0.6216150342270808
634	0.617706874146121
635	0.6000020499197856
636	0.651886044112777
637	0.5918777927281043
638	0.6279863302624868
639	0.6537890350728647
640	0.6495343783380465
641	0.6765325075119735
642	0.63536455721381
643	0.6996303035376522
644	0.665390429200493
645	0.6153904292004929
646	0.6202801409317662
647	0.5858663426668017
648	0.601991010759818
649	0.6502309881850723
650	0.606609849483244
651	0.6178601355788219
652	0.6379872690387092
653	0.6110554438793863
654	0.5994142149048896
655	0.595374558110094
656	0.5445081367285628
657	0.5756826647985489
658	0.5739879255291308
659	0.529027657444731
660	0.4917199431084763
661	0.48984657130176734
662	0.49387158081733684
663	0.464466742876026
664	0.45321645678044814
665	0.4735834940504975
666	0.454502660413613
667	0.45854231720840855
668	0.45854231720840855
669	0.4531451817873891
670	0.48055821312368385
671	0.49558954993323406
672	0.5293785204507649
673	0.522306493323674
674	0.5104057462851552
675	0.5326889635680672
676	0.5423978449671516
677	0.4893998260439602
678	0.45498602777899577
679	0.47925716893059356
680	0.46261376908047314
681	0.4253880057189362
682	0.4814335255061998
683	0.4425329603288729
684	0.49001500704256334
685	0.5040617680374784
686	0.5149819848465517
687	0.5109423280517561
688	0.5558427910947016
689	0.5458902896479529
690	0.5606044632165033
691	0.5495340304671961
692	0.49561792648977787
693	0.5157268859998915
694	0.5292412703235093
695	0.5451637557682987
696	0.5604042581927187
697	0.6136275677827523
698	0.6136275677827523
699	0.639609103653391
700	0.7015270572839316
701	0.688929545640516
702	0.6712663652716947
703	0.6712663652716947
704	0.6304494571339523
705	0.6071326955116484
706	0.6108323895803249
707	0.629128572125336
708	0.5681034409893744
709	0.5392527572266836
710	0.5443190222575793
711	0.5498920391502848
712	0.602814218595313
713	0.5897772862122903
714	0.5813207913516115
715	0.5552296980780309
716	0.5722202517425632
717	0.5439927400607558
718	0.591128923600415
719	0.5368512370626092
720	0.5124385221828662
721	0.5027189292912875
722	0.4693642213232009
723	0.4932909168450144
724	0.5403722035337879
725	0.5632790191775413
726	0.5492002483828179
727	0.6000566250366977
728	0.6081286521637888
729	0.6138085882605719
730	0.6226724230518916
731	0.6151832261463235
732	0.5845442639842073
733	0.6269516129182191
734	0.6187121503643896
735	0.61366956803736
736	0.5860830643595708
737	0.5754071143071422
738	0.5353429578945741
739	0.5821043252535113
740	0.5813095004864839
741	0.6369551263420258
742	0.6590361609767109
743	0.6351094654548974
744	0.5974129378352977
745	0.5777289334046815
746	0.5391291885223276
747	0.5404446725878048
748	0.5588406887250821
749	0.5901725364543304
750	0.5865921543437257
751	0.5662251170736764
752	0.5906581430449002
753	0.5492507941108884
754	0.5828807869354687
755	0.6062237522233673
756	0.6633658668241196
757	0.6807614967003501
758	0.7180843021615402
759	0.7063241394859207
760	0.6925726890422244
761	0.6726678997216493
762	0.6481993626969869
763	0.6902725945073958
764	0.7197128572950111
765	0.7293197049610269
766	0.7792986922250826
767	0.7128703057555099
768	0.7277395811157726
769	0.7171801557307654
770	0.686526723967515
771	0.708271204988646
772	0.7214574702518548
773	0.7412573523761632
774	0.7322647640666883
775	0.7058894284464943
776	0.6222792705813738
777	0.6364483210069516
778	0.6017730813102493
779	0.5779960320448516
780	0.5742581710617798
781	0.5941068307915611
782	0.6095816056706649
783	0.5715480306550516
784	0.5333056909510212
785	0.5236988432850056
786	0.5453327306527648
787	0.5453327306527648
788	0.5201200801211501
789	0.48962806488533006
790	0.4839292421251412
791	0.47328179774667073
792	0.4383750871375526
793	0.42261778734027383
794	0.38286577337104777
795	0.4593315541110286
796	0.5017604384829375
797	0.4629479374524224
798	0.4773164979205392
799	0.4893884931697864
800	0.5074177161455193
801	0.5016982993091583
802	0.47652601552181106
803	0.49161349218690276
804	0.507785659566925
805	0.49346581171112713
806	0.4452070090872624
807	0.502874034784077
808	0.5274379705205839
809	0.5539060137849521
810	0.5656375798675535
811	0.5545405432248929
812	0.5663115661170453
813	0.5940510107441737
814	0.6219229199955731
815	0.5557373303165944
816	0.5173481027394812
817	0.551507573444721
818	0.5524152179932519
819	0.5291190673260846
820	0.5062221756035968
821	0.4746744093978787
822	0.5364924914690973
823	0.5244373851363011
824	0.5080599793546019
825	0.5120996361493975
826	0.48874556414144726
827	0.5025723706146915
828	0.4826334564939739
829	0.4561654132296057
830	0.42830917905398813
831	0.4323488358487837
832	0.4099018629042027
833	0.3797674017145324
834	0.4138233388869975
835	0.4213269818844048
836	0.46139020047000523
837	0.42015870263767435
838	0.39516290472944793
839	0.42543501529230837
840	0.41328681988373794
841	0.4328640660199972
842	0.36700632715398307
843	0.382217517309804
844	0.3721425646504789
845	0.4130122215923584
846	0.4591410812381663
847	0.43257738537429075
848	0.43969960491688465
849	0.4564468292588192
850	0.4675438659014797
851	0.4675438659014797
852	0.4849394957777102
853	0.48631693952879196
854	0.4722911942162423
855	0.4931482645327253
856	0.45308504594712484
857	0.5184226201221225
858	0.5701746340913486
859	0.5668343486878111
860	0.5565541576268089
861	0.5503700759999091
862	0.5671173003418436
863	0.6095953556357407
864	0.6372711765729735
865	0.5964015196310941
866	0.5502726599852862
867	0.5013028668843074
868	0.48775080548870575
869	0.5131094184043627
870	0.5060520385564977
871	0.5534812482711302
872	0.5470281816715958
873	0.5638030542803347
874	0.5613380384671427
875	0.5226971340922503
876	0.5775475781146819
877	0.5122100039396843
878	0.5076389070095069
879	0.5370786457578559
880	0.5764750512800305
881	0.5883318250906161
882	0.6154274427529165
883	0.5667908382691236
884	0.551447606494819
885	0.5637801956577474
886	0.6120201730830017
887	0.6518484320596214
888	0.6940943186363097
889	0.6617080742702969
890	0.7023270903943942
891	0.6749463772446618
892	0.6660562120698917
893	0.6817768614049792
894	0.6403794329016517
895	0.66160218723935
896	0.6027120864221228
897	0.6736676199754359
898	0.6386013123905079
899	0.5990844168775584
900	0.6051357060233239
901	0.636985341500763
902	0.6122696329564153
903	0.631218537857594
904	0.6479885021483509
905	0.6719303340369206
906	0.633409949503245
907	0.653654556571168
908	0.6011284789334774
909	0.6077811319996225
910	0.5728420519723084
911	0.5568259257397038
912	0.5763601557294552
913	0.5709732998706698
914	0.5709732998706698
915	0.5618355568311921
916	0.6045770111636223
917	0.5376611344051048
918	0.5600056323339432
919	0.5664939292271193
920	0.5313264256201814
921	0.49245186226836324
922	0.473324728808476
923	0.4525710036700789
924	0.4234684502163938
925	0.38315437237010025
926	0.39688455915798554
927	0.3741386867342179
928	0.37009902993942234
929	0.36344637687327735
930	0.3955124724690807
931	0.3985374819846502
932	0.38858682814362533
933	0.37449008492603764
934	0.38682267408896587
935	0.37777003312304064
936	0.36944668931992375
937	0.38372934574779705
938	0.3660174627067724
939	0.38409524594774647
940	0.4170025775582612
941	0.43290723087023464
942	0.4591905639927118
943	0.451942743264005
944	0.44790308646920945
945	0.4713528661486735
946	0.490675626997216
947	0.46042066050353203
948	0.4805296200136457
949	0.5293308060610546
950	0.515417026825072
951	0.5043199901824114
952	0.5298746071250009
953	0.5386508865520983
954	0.5685195758430259
955	0.6321162080282503
956	0.628190112734757
957	0.6139074563068837
958	0.6288757096969775
959	0.6259740801414988
960	0.6253207185126999
961	0.598824563638942
962	0.6373352508478012
963	0.6642670760071241
964	0.7121691771184391
965	0.7477330295935691
966	0.7443114388209906
967	0.8003657952341042
968	0.7899764286155694
969	0.7314556496765816
970	0.7146807770678427
971	0.7290006249236406
972	0.6815298426693962
973	0.6908394115237173
974	0.6486381330698614
975	0.6020576271172415
976	0.5989786432177163
977	0.6046585793144995
978	0.5800151287095623
979	0.5384636394038728
980	0.5016094144579379
981	0.5287993391725705
982	0.5133946059966891
983	0.549801753795713
984	0.561195074517189
985	0.555600376136968
986	0.561840572482025
987	0.5027538457366161
988	0.5271863288865308
989	0.5536543721508991
990	0.597847380146817
991	0.6099955755553874
992	0.6297003997817229
993	0.6327246648764155
994	0.6978906523758224
995	0.7219502263489381
996	0.6945371950126433
997	0.7313314706863268
998	0.7738474509682843
999	0.826658065243695
1000	0.8169384723521163
1001	0.7942556896023829
1002	0.7911411897345493
1003	0.7494881989533525
1004	0.7275197707413366
1005	0.685197873609624
1006	0.676933721129914
1007	0.6991773974575957
1008	0.7373664267305726
1009	0.7252182313220022
1010	0.689055320143311
1011	0.7143392908481688
1012	0.7069670557847616
1013	0.6808751163584242
1014	0.6588036315269964
1015	0.6446597564805991
1016	0.6664042375017301
1017	0.653550473849294
1018	0.6136820593318241
1019	0.5769407477717315
1020	0.6074327630075516
1021	0.5810094557309975
1022	0.5890164439451111
1023	0.6106887913330693
1024	0.5894864658053105
1025	0.6327222652432376
1026	0.5953952716224625
1027	0.5987571665596352
1028	0.5774720206733237
1029	0.5854353901004379
1030	0.6152509641148954
1031	0.6110325547800227
1032	0.637947009993977
1033	0.6647044046916959
1034	0.6216099020237168
1035	0.6207482599857835
1036	0.6518807124965987
1037	0.6692479146484016
1038	0.6595283217568227
1039	0.6474913893738001
1040	0.6444124054742748
1041	0.6514697853221398
1042	0.6443286215882285
1043	0.6198540870024796
1044	0.6354448966414916
1045	0.5952266700150248
1046	0.6049462629066037
1047	0.5874156443010745
1048	0.5707777954022287
1049	0.5582141710108954
1050	0.5357395068009189
1051	0.5543052337427545
1052	0.5323356371060708
1053	0.5082745998016698
1054	0.5082745998016698
1055	0.47513238955318904
1056	0.43435249266390336
1057	0.4436912358760966
1058	0.474995768527834
1059	0.4919195393089694
1060	0.4806311760656909
1061	0.4886612728829176
1062	0.5086380119753923
1063	0.4897542169960329
1064	0.45803873926400457
1065	0.47563960754191215
1066	0.4699596714451289
1067	0.472164909846806
1068	0.469462277049521
1069	0.476114930115666
1070	0.5000772435434971
1071	0.4700743167116762
1072	0.49981317160484107
1073	0.49230952860743377
1074	0.5222737240990523
1075	0.534388333553173
1076	0.5293633240376034
1077	0.47706930088787225
1078	0.5050601900689258
1079	0.5280341852616781
1080	0.566284979842935
1081	0.600071556330532
1082	0.5658520989870451
1083	0.5955468926603329
1084	0.5995865494551285
1085	0.6119644388634805
1086	0.614996809195776
1087	0.6047166181347737
1088	0.5893733863604693
1089	0.5948246312559505
1090	0.5693900724719777
1091	0.5494183358206258
1092	0.5166846896151356
1093	0.5241093227804688
1094	0.5229907094312658
1095	0.5276233243190795
1096	0.5847042878786255
1097	0.5766322607515345
1098	0.5452087481701431
1099	0.4972389550691642
1100	0.48707770477107487
1101	0.5011429820876463
1102	0.46824508857083486
1103	0.47014088733456727
1104	0.5101945976801521
1105	0.521353778051677
1106	0.5240013438161648
1107	0.5417851778745744
1108	0.5698629677019633
1109	0.5520791336435538
1110	0.5587988134673556
1111	0.5507461725014304
1112	0.5872457792930132
1113	0.5995051505582962
1114	0.6163057170881985
1115	0.5995584927462639
1116	0.5909653725269222
1117	0.6143194445348723
1118	0.5864475352834729
1119	0.624221679977703
1120	0.5840471243963148
1121	0.5611326820937939
1122	0.6262329062686882
1123	0.6069425326623008
1124	0.566888822316716
1125	0.5420512672198003
1126	0.5526987115982709
1127	0.5429898301991865
1128	0.5128596422698715
1129	0.5088199854750759
1130	0.5477569639843363
1131	0.5916056852099121
1132	0.5367837651956603
1133	0.5545509833197321
1134	0.5650884719761458
1135	0.619143018918303
1136	0.599377090743845
1137	0.6315616789622314
1138	0.6656816261443296
1139	0.6668678557656272
1140	0.6668678557656272
1141	0.6371231586598903
1142	0.579094961612087
1143	0.5637623724491587
1144	0.5637623724491587
1145	0.5454619894882898
1146	0.5291346090130361
1147	0.5170199995589153
1148	0.5345980452199289
1149	0.5443176381115078
1150	0.5068073921186999
1151	0.4659836804086936
1152	0.4877281614298246
1153	0.500150082307843
1154	0.49722515718754934
1155	0.443170610245392
1156	0.43868120060429217
1157	0.40389223008676123
1158	0.4375544774714554
1159	0.40831369604750656
1160	0.40831369604750656
1161	0.39399384819170874
1162	0.40920503834752975
1163	0.4523462985917829
1164	0.45802623468856607
1165	0.4971004040318497
1166	0.5001327743641452
1167	0.5332749846126259
1168	0.5151142567988535
1169	0.5463374539212063
1170	0.5131952436727255
1171	0.5118177999216438
1172	0.5328458594285193
1173	0.5042815412278541
1174	0.48033682225684
1175	0.5359824481123818
1176	0.5265014063138496
1177	0.5296784121268576
1178	0.5111869694190112
1179	0.562068114402041
1180	0.5951274827993603
1181	0.5951274827993603
1182	0.5922165114741721
1183	0.597251872069938
1184	0.5946043063054502
1185	0.6037334577295362
1186	0.6216572285106716
1187	0.6374938398705917
1188	0.6627170484830804
1189	0.6314938513607277
1190	0.6355335081555232
1191	0.6710329881501691
1192	0.6403574842648231
1193	0.649178846962097
1194	0.6255447898214568
1195	0.5963672072302831
1196	0.574543716377078
1197	0.5506170208552644
1198	0.5305382095784612
1199	0.5132531573970944
1200	0.48019378899977505
1201	0.5137941635173885
1202	0.510546585652681
1203	0.470444917471987
1204	0.49386490558071594
1205	0.4569967550386897
1206	0.4417205500220421
1207	0.45732228523454677
1208	0.4557060486089705
1209	0.4788716946546027
1210	0.5269487452945713
1211	0.5413175392142003
1212	0.579650859263739
1213	0.5489379891816653
1214	0.594091195022376
1215	0.5716628085528033
1216	0.5853999742558422
1217	0.6453792428568877
1218	0.6202069590695405
1219	0.5849633005033897
1220	0.6122281763603316
1221	0.6090427942577078
1222	0.5929181261646915
1223	0.5808035167105708
1224	0.6114854607432838
1225	0.6351698405265943
1226	0.6294899044298111
1227	0.5689490044037011
1228	0.5820352234059489
1229	0.6275924555324146
1230	0.5958427853676997
1231	0.5709957550968129
1232	0.5326800078587344
1233	0.5587968962369445
1234	0.5079637542994506
1235	0.5572850899581552
1236	0.5962264399321936
1237	0.5939171184700854
1238	0.6320722694668219
1239	0.624000242339731
1240	0.6658132659934735
1241	0.6353982735784839
1242	0.6774715053888927
1243	0.6815111621836882
1244	0.6736981953686555
1245	0.675389059343772
1246	0.7213547832600653
1247	0.7253871535923608
1248	0.7470875039673037
1249	0.6990600253186167
1250	0.7126968403349814
1251	0.7185199100229711
1252	0.7265142600789641
1253	0.6963797988892937
1254	0.6923401420944981
1255	0.6553513955987218
1256	0.6123924728132233
1257	0.5547225256742859
1258	0.553579158503581
1259	0.597973991091862
1260	0.5870042519147383
1261	0.5991012885573987
1262	0.5681250933896506
1263	0.5881735899545506
1264	0.5445321903926292
1265	0.502779194081829
1266	0.4991972983225514
1267	0.5244789212276795
1268	0.48424610767734866
1269	0.46090314238945007
1270	0.4748690832040149
1271	0.4383448337758538
1272	0.4623004192272748
1273	0.4998080058020086
1274	0.5290199463841514
1275	0.5638855370290351
1276	0.5582056009322518
1277	0.6126758265023963
1278	0.5756640426763646
1279	0.5712433990749506
1280	0.554802393521989
1281	0.5427053568793284
1282	0.5386803473637589
1283	0.5216642211311544
1284	0.5190166553666666
1285	0.5283168741972994
1286	0.5186831323942551
1287	0.531402074396067
1288	0.5620194587613272
1289	0.5549474316342362
1290	0.5069776385332574
1291	0.5069776385332574
1292	0.4792853395294466
1293	0.4871826046789134
1294	0.5210384576503537
1295	0.4808976576904067
1296	0.4808976576904067
1297	0.4264274321202623
1298	0.4621397892946929
1299	0.4456153799872899
1300	0.3999085684118954
1301	0.4525125754094705
1302	0.46726403913558456
1303	0.46726403913558456
1304	0.4898372400681434
1305	0.5087187786725288
1306	0.5391533902626049
1307	0.50920546632159
1308	0.48953303044375335
1309	0.5199012082380117
1310	0.5611327060703426
1311	0.5960534235910747
1312	0.5796811776333508
1313	0.5409289789752952
1314	0.4778611854217122
1315	0.4984796265110799
1316	0.5501433210365864
1317	0.5598629139281652
1318	0.5619786798259113
1319	0.5925834470886047
1320	0.6440066531077958
1321	0.611529779570108
1322	0.5897062887169029
1323	0.5947488710439326
1324	0.6030032023432109
1325	0.6062825950804964
1326	0.5487778332332323
1327	0.5557750899124289
1328	0.5625709706075843
1329	0.5908602986107724
1330	0.5593483936700203
1331	0.5274600464815836
1332	0.5603977296753816
1333	0.5510975108447488
1334	0.5510975108447488
1335	0.5193820331127205
1336	0.5115807829037334
1337	0.5018611900121546
1338	0.4599934101451823
1339	0.4266885529118305
1340	0.4057573621284593
1341	0.4405236950534171
1342	0.46226817607454807
1343	0.4612506032630879
1344	0.44167335712682865
1345	0.4527789025268243
1346	0.4764129596674646
1347	0.4603630620223429
1348	0.4461923825873207
1349	0.4148681426474063
1350	0.43014434766405396
1351	0.46014645753352656
1352	0.43428080146681963
1353	0.4802611908401763
1354	0.5036152628481265
1355	0.5076549196429221
1356	0.5244423541864771
1357	0.5738644266522865
1358	0.5921606091972977
1359	0.5948606991679563
1360	0.6065634917236683
1361	0.6134780380575139
1362	0.6399735344616373
1363	0.6471726803639879
1364	0.6746562778302337
1365	0.6871594273088331
1366	0.6882195755415783
1367	0.7045973280939514
1368	0.7195596415217824
1369	0.7105486888869194
1370	0.7421196640047449
1371	0.7090851838029769
1372	0.7364269549408503
1373	0.6833745384404025
1374	0.7022152742239844
1375	0.7445991023810001
1376	0.7226821072541366
1377	0.6803320619154182
1378	0.6717554722619858
1379	0.6483056925825218
1380	0.6411844577851846
1381	0.587448472193585
1382	0.585774711062599
1383	0.5812156942206268
1384	0.5521570078736466
1385	0.5139418312174704
1386	0.515624437696874
1387	0.52266667325323
1388	0.4819559094526095
1389	0.47574820568406134
1390	0.4191814326580093
1391	0.4191814326580093
1392	0.43858251567930473
1393	0.4526971251334255
1394	0.4478293109626684
1395	0.4278738692752254
1396	0.4633770303413158
1397	0.46602459610580355
1398	0.4603446600090203
1399	0.4882165692604198
1400	0.4612150233933159
1401	0.5046534353152647
1402	0.4845552622853645
1403	0.4958138944905519
1404	0.5278916935865086
1405	0.5474010603816652
1406	0.546933328725136
1407	0.5235133406164071
1408	0.5378819010845238
1409	0.5571030036415261
1410	0.5902452138900068
1411	0.6202094093816253
1412	0.5807143759511633
1413	0.6160950670775353
1414	0.6163668359868159
1415	0.6230410029709283
1416	0.5518373285039225
1417	0.5710686799785337
1418	0.5887735042048692
1419	0.6250121391410671
1420	0.6266597049055549
1421	0.609153118142929
1422	0.6425935667770497
1423	0.6684476107413505
1424	0.6694926667318464
1425	0.6260566044148761
1426	0.6401137367941504
1427	0.6411137367941504
1428	0.6409522789562684
1429	0.6469017427581748
1430	0.656602374513929
1431	0.6723674441685262
1432	0.6798710871659336
1433	0.6568438298498089
1434	0.6782118188082075
1435	0.6668930994129318
1436	0.6765682966277754
1437	0.6643645766035199
1438	0.6660698752618529
1439	0.6623912231766076
1440	0.709797485850516
1441	0.6798332903588976
1442	0.636049466553425
1443	0.6070231155341028
1444	0.5749002604476503
1445	0.6228023615589653
1446	0.5771562128866476
1447	0.5873803683045679
1448	0.5996656133648971
1449	0.5846636548347797
1450	0.5581930587882685
1451	0.5545529964930652
1452	0.5577253035480865
1453	0.5453718697378391
1454	0.5142770275007844
1455	0.5228685290625689
1456	0.5141933318477253
1457	0.5138183534635147
1458	0.4944082305788462
1459	0.44104836560358524
1460	0.46235759419824485
1461	0.4694149740461098
1462	0.4532903059530936
1463	0.44118640799146724
1464	0.42343918364953276
1465	0.391661750631234
1466	0.4155279832078339
1467	0.4553242414225571
1468	0.47627129891099534
1469	0.47581157248128847
1470	0.5393302986069404
1471	0.5407888213829158
1472	0.5872768004241308
1473	0.5895344369277338
1474	0.6156792041520509
1475	0.6192680640234753
1476	0.6182680640234753
1477	0.6099678451928425
1478	0.6410017613922419
1479	0.6761245420566829
1480	0.6087864945391965
1481	0.6424923887571732
1482	0.6588646347148971
1483	0.6916492909172282
1484	0.7139325082001402
1485	0.7159325082001401
1486	0.7531200231809201
1487	0.7061246190638462
1488	0.6850620257376333
1489	0.6897065781487963
1490	0.6291878520231443
1491	0.615604321887775
1492	0.5730714893045237
1493	0.6422575342341925
1494	0.6145241908809531
1495	0.5902399314861179
1496	0.5831679043590269
1497	0.6090997295183499
1498	0.5943931937942043
1499	0.56651823385847
1500	0.5697410450716073
1501	0.5576512699731748
1502	0.566541435147945
1503	0.5584509843189995
1504	0.5361677670360875
1505	0.5180430989430713
1506	0.45698935138569147
1507	0.45800692419715167
1508	0.4723408761449829
1509	0.46416901542562583
1510	0.47455477877214314
1511	0.4526655359398498
1512	0.45420660680947983
1513	0.41719584564482065
1514	0.3909125125223435
1515	0.3932899562734252
1516	0.3932899562734252
1517	0.3924283142354919
1518	0.3761009337602382
1519	0.422779243425496
1520	0.4205740050238189
1521	0.4470102935101039
1522	0.479009671351163
1523	0.4486355298809942
1524	0.526406160184193
1525	0.5748351902594211
1526	0.5972635767289937
1527	0.585148967274873
1528	0.5530409238053425
1529	0.538784398055127
1530	0.5676271266254944
1531	0.5718847631290975
1532	0.5904885333380585
1533	0.5516605965069038
1534	0.6000896265821319
1535	0.608742279648277
1536	0.6443709527361159
1537	0.6112287424876351
1538	0.6576730772463578
1539	0.6271669349611221
1540	0.6674532302127945
1541	0.6153758130913958
1542	0.5678336170094215
1543	0.570865987341717
1544	0.5275134675678316
1545	0.5025342171720675
1546	0.5077816516397275
1547	0.5606585851716738
1548	0.5463759287438005
1549	0.5560734376520439
1550	0.5360724446597892
1551	0.5277722258291564
1552	0.5134172769193424
1553	0.5255211748809686
1554	0.5004591820757898
1555	0.4980056749119954
1556	0.5156211540870614
1557	0.5339173366320725
1558	0.5199806687467892
1559	0.5016032629650898
1560	0.4770585924349143
1561	0.4780585924349142
1562	0.528040579460707
1563	0.5459643502418424
1564	0.5298424222575402
1565	0.5542379993738378
1566	0.5295945487689006
1567	0.5374404439662381
1568	0.5598688304358108
1569	0.5501713215275673
1570	0.5433821435138424
1571	0.5835500938120057
1572	0.6017314367220672
1573	0.6430412984645542
1574	0.6196742611945049
1575	0.6110976715410725
1576	0.5907387582153787
1577	0.6064464279567815
1578	0.6171262837548592
1579	0.647784214828745
1580	0.672633921840608
1581	0.6919749260498118
1582	0.6736106647570711
1583	0.6649871128065685
1584	0.6707998897716709
1585	0.6500139531298103
1586	0.6993003950509462
1587	0.7058064571519056
1588	0.7227744762045076
1589	0.7388437789198257
1590	0.7459169956435014
1591	0.7540354872664741
1592	0.7285263391577407
1593	0.7010216596498874
1594	0.7423589782745184
1595	0.7326393853829395
1596	0.7094737393373073
1597	0.6795095438456888
1598	0.6855492385090155
1599	0.656513863684048
1600	0.6278960758562631
1601	0.6254788424281947
1602	0.5952385604462245
1603	0.6067382237399
1604	0.6096886843836873
1605	0.6338180430271907
1606	0.5774595739789637
1607	0.5573449722790841
1608	0.5684470891189506
1609	0.5744470891189506
1610	0.5684485444638568
1611	0.5520642644024969
1612	0.5575889162600001
1613	0.5854081335390179
1614	0.5631979483742742
1615	0.5631979483742742
1616	0.5605503826097864
1617	0.574806908360002
1618	0.5255796910251583
1619	0.5554636640239476
1620	0.5434901201183728
1621	0.5488625000044047
1622	0.5928112299833306
1623	0.5813115666896549
1624	0.6032309681441549
1625	0.5617617822383294
1626	0.5941090380426045
1627	0.6069740175132864
1628	0.5765239917161452
1629	0.5743417277278451
1630	0.5511760816822129
1631	0.5222989293380065
1632	0.5217085019484836
1633	0.466332638708718
1634	0.4583025418914913
1635	0.5118385554550369
1636	0.5282163080074098
1637	0.5260447935554149
1638	0.5260447935554149
1639	0.48242365485358657
1640	0.4866812913571897
1641	0.46842772301705204
1642	0.4504809815875806
1643	0.48659028016522266
1644	0.48388624584444306
1645	0.5188253258717571
1646	0.49051772686227757
1647	0.43457811505602767
1648	0.42020955458791087
1649	0.3962828590660974
1650	0.41970547642299927
1651	0.42072304923445947
1652	0.45388745675682624
1653	0.48441517451208915
1654	0.4773577946642241
1655	0.46679436078096587
1656	0.45041660822859286
1657	0.4592877380438031
1658	0.48714597476581895
1659	0.49421800189291
1660	0.4972180018929099
1661	0.49620042908144973
1662	0.4840972017975612
1663	0.47750018541980144
1664	0.4530488889853853
1665	0.41242987286128796
1666	0.46886960680365186
1667	0.5166358606977711
1668	0.5611917366712449
1669	0.5652313934660405
1670	0.5691633202141234
1671	0.6052647214774342
1672	0.5737569104372062
1673	0.5604195766873463
1674	0.5924439131701759
1675	0.5591909263814674
1676	0.5889086424031432
1677	0.6254820701925943
1678	0.6195399987822332
1679	0.6714816038097362
1680	0.7118752492888367
1681	0.7088502397732672
1682	0.6878940986598363
1683	0.6517291633938089
1684	0.6996924906325476
1685	0.747163272886792
1686	0.7210976804145969
1687	0.6985037103078249
1688	0.6793018144369671
1689	0.6895820054979694
1690	0.6829228609163953
1691	0.7121604583691229
1692	0.6918937717857478
1693	0.6919354999261491
1694	0.6629435337756151
1695	0.6973173080244167
1696	0.7023953447426221
1697	0.6830209268364766
1698	0.6820609026382527
1699	0.6643845891082896
1700	0.6512098437719505
1701	0.6828898306140856
1702	0.6828898306140856
1703	0.7505286355547045
1704	0.7266263456203669
1705	0.675115906571327
1706	0.6629853255892746
1707	0.6378130418019274
1708	0.6245629596609377
1709	0.6266153577628637
1710	0.6042723924749651
1711	0.526818784304806
1712	0.5251962280558877
1713	0.5202591260530418
1714	0.5172267557207464
1715	0.5087620616682049
1716	0.5072083596475261
1717	0.5179357313010222
1718	0.5050545428469165
1719	0.47583183367640636
1720	0.4292406875759213
1721	0.4173449077823127
1722	0.44936924426514224
1723	0.4088005895817114
1724	0.3669557182189008
1725	0.3750277453459918
1726	0.37104071060809096
1727	0.4116651987360552
1728	0.4009387445255106
1729	0.4230996758671816
1730	0.4150276487400906
1731	0.45292720809901876
1732	0.46156228835370355
1733	0.4973208790740246
1734	0.5675583292094286
1735	0.6071739898428448
1736	0.5668599119965512
1737	0.5352548370865173
1738	0.5590467035798719
1739	0.5786475718577794
1740	0.6130012218899985
1741	0.607428204997293
1742	0.6065871424861996
1743	0.5738370561322282
1744	0.5738370561322282
1745	0.5818896970981535
1746	0.5895493366595927
1747	0.5489248485316284
1748	0.5857299130002829
1749	0.5994130133357027
1750	0.6401993740159636
1751	0.6120194075486143
1752	0.5983417449668997
1753	0.5422161169765294
1754	0.5012926600785489
1755	0.46312246335385765
1756	0.5146329024028976
1757	0.509688043825627
1758	0.5191702175766741
1759	0.48745473984464577
1760	0.5394807753547799
1761	0.5390210489250731
1762	0.5255425991796724
1763	0.5215029423848768
1764	0.5439313288544494
1765	0.5658150359095315
1766	0.5732128638353002
1767	0.5762452341675957
1768	0.5815872853191856
1769	0.5823047579226033
1770	0.5720104124781623
1771	0.6161194039607195
1772	0.6475805541330233
1773	0.6475805541330233
1774	0.6455626161119272
1775	0.6084884791153635
1776	0.5569780400663237
1777	0.5861969402090849
1778	0.5642580701900266
1779	0.5803827382830429
1780	0.5181120122508032
1781	0.5517543769629095
1782	0.5673749556217131
1783	0.5990904333537415
1784	0.6256718655122699
1785	0.6193789680962
1786	0.586025318063981
1787	0.5789532909368899
1788	0.5378237481281057
1789	0.5324236025242267
1790	0.571759104405136
1791	0.5558300793899282
1792	0.5253689292176245
1793	0.5334409563447154
1794	0.5566434234904293
1795	0.595603797805957
1796	0.595603797805957
1797	0.5621096883481325
1798	0.5483795015602472
1799	0.554538050750143
1800	0.5875549468055168
1801	0.5691632282367689
1802	0.5358378253516298
1803	0.5538081530867147
1804	0.5208676371739317
1805	0.49319181623669894
1806	0.5109390405786335
1807	0.5190110677057245
1808	0.5139684853786948
1809	0.5050346256266953
1810	0.4786431708269362
1811	0.47964417664533493
1812	0.48769681761126016
1813	0.5058872016166631
1814	0.4513490224598263
1815	0.45704732106319146
1816	0.45704732106319146
1817	0.4449502844205309
1818	0.4352306915289521
1819	0.41294747424604006
1820	0.36289364580764377
1821	0.32985916560587564
1822	0.32985916560587564
1823	0.28017336013876243
1824	0.29590095176268966
1825	0.30397590442201483
1826	0.3223372176144629
1827	0.31830484728216735
1828	0.31123282015507636
1829	0.27263307527272246
1830	0.23323666975054777
1831	0.2040556974647997
1832	0.22128467940400257
1833	0.2168457591247138
1834	0.22896036857883453
1835	0.1843016956599417
1836	0.18834135245473727
1837	0.19238100924953283
1838	0.19945303637662387
1839	0.21582528233434767
1840	0.2127929120020522
1841	0.20875325520725663
1842	0.2230097809574722
1843	0.25222172153961503
1844	0.21638517040557415
1845	0.2292663588596798
1846	0.20747766918109506
1847	0.2034380123862995
1848	0.22018523672823398
1849	0.2299048296198128
1850	0.2299048296198128
1851	0.24427339008792953
1852	0.21091974005571043
1853	0.20121085865662605
1854	0.19881584209408412
1855	0.19881584209408412
1856	0.19881584209408412
1857	0.20184821242637957
1858	0.2028482124263796
1859	0.19354799359574681
1860	0.20625556114288573
1861	0.24188423423072464
1862	0.22358805168571347
1863	0.23406156132485173
1864	0.254428598594901
1865	0.23347245748147022
1866	0.28308399592866607
1867	0.28712365272346163
1868	0.2703764283815272
1869	0.28410661516941244
1870	0.28410661516941244
1871	0.2813355663447113
1872	0.3136828221489864
1873	0.30156821269486567
1874	0.2918486198032869
1875	0.3039632292574076
1876	0.3217470633158172
1877	0.31467503618872616
1878	0.3518220819478598
1879	0.3487897116155644
1880	0.3320424872736299
1881	0.34589319024689386
1882	0.34589319024689386
1883	0.3205275878814106
1884	0.3429330911393679
1885	0.3388934343445723
1886	0.2820340751686696
1887	0.3527163209180762
1888	0.3961523832350464
1889	0.37674226035037794
1890	0.4154751440835889
1891	0.40223006667568556
1892	0.3698828108714104
1893	0.3779548379985015
1894	0.38199449479329706
1895	0.37695191246626736
1896	0.38092317926047264
1897	0.429163156685727
1898	0.4321840612247567
1899	0.4321840612247567
1900	0.44650390908055454
1901	0.4050965601465427
1902	0.4091362169413383
1903	0.42268827833693995
1904	0.38395539460372896
1905	0.38395539460372896
1906	0.41895659928704676
1907	0.34827435353764014
1908	0.31915813907646773
1909	0.34011428018989853
1910	0.29734173966189203
1911	0.29330936932959656
1912	0.3003813964566876
1913	0.29634902612439207
1914	0.32272436174458613
1915	0.3156523346174951
1916	0.28985757697008463
1917	0.25836482388676474
1918	0.21012484646151042
1919	0.22420985775973107
1920	0.20989000990393328
1921	0.2018179827768422
1922	0.19777832598204664
1923	0.19777832598204664
1924	0.19777832598204664
1925	0.2018179827768422
1926	0.16946434385801226
1927	0.1654246870632167
1928	0.1800557835736089
1929	0.15505998566538254
1930	0.1590996424601781
1931	0.17335616821039368
1932	0.17600373397488148
1933	0.1719640771800859
1934	0.18978906219035066
1935	0.20616130814807448
1936	0.2321171302545248
1937	0.22748451536671105
1938	0.22748451536671105
1939	0.2133995040684904
1940	0.26793760124754146
1941	0.33662989593492476
1942	0.33662989593492476
1943	0.30875798668352533
1944	0.3190381777445276
1945	0.3414665642141002
1946	0.3317469713225214
1947	0.3678433760668895
1948	0.3388924317006995
1949	0.3388924317006995
1950	0.38206878562333546
1951	0.36377260307832426
1952	0.3580926669815411
1953	0.37020727643566176
1954	0.32196729901040744
1955	0.30559505305268364
1956	0.3202031371691899
1957	0.3441849324594373
1958	0.39405501188782427
1959	0.41012431460314236
1960	0.3555862174240913
1961	0.286893922736708
1962	0.29496594986379904
1963	0.32143399312816723
1964	0.30711414527236947
1965	0.2806461020080012
1966	0.31674250675236937
1967	0.2806461020080012
1968	0.3465484347639755
1969	0.3465484347639755
1970	0.3090520169381228
1971	0.31309167373291835
1972	0.3446806900259617
1973	0.3366057373666365
1974	0.34872034682075725
1975	0.39337901973965006
1976	0.35988714064378446
1977	0.36169029525834445
1978	0.31585987262475307
1979	0.3385234536426459
1980	0.36499149690701416
1981	0.4389143591009006
1982	0.44056192486538837
1983	0.4342028411111338
1984	0.4342028411111338
1985	0.4342028411111338
1986	0.4118436020698047
1987	0.44478128526360267
1988	0.4093419165789781
1989	0.4133815733737737
1990	0.4147590171248554
1991	0.41071936033005985
1992	0.37509068724222094
1993	0.3847881961504644
1994	0.38239317958792246
1995	0.37563406602795774
1996	0.3685620389008667
1997	0.33773450666902965
1998	0.3764673904022406
1999	0.3336948498742341
2000	0.31126646340466146
2001	0.2623393991190014
2002	0.29668435118895725
2003	0.2765753916788436
2004	0.3298331261295262
2005	0.339552719021105
2006	0.3421877992757898
2007	0.3189697089735706
2008	0.31033023575542606
2009	0.3062905789606305
2010	0.32018934022619633
2011	0.33230394968031707
2012	0.33230394968031707
2013	0.3435625818855045
2014	0.33384298899392567
2015	0.32515537021714036
2016	0.3801526669312485
2017	0.37308063980415745
2018	0.3343477560709465
2019	0.37874258865922755
2020	0.374702931864432
2021	0.36607937991392936
2022	0.3461029883120903
2023	0.3461029883120903
2024	0.2928452538614077
2025	0.3264413466630706
2026	0.3141087575001424
2027	0.3043891646085636
2028	0.32350846376929
2029	0.32350846376929
2030	0.33165487610954425
2031	0.31954026665542357
2032	0.3292598595470023
2033	0.311336088765867
2034	0.325073254468906
2035	0.2958613138867632
2036	0.2626875080258602
2037	0.30266169701272727
2038	0.2986220402179317
2039	0.26634181708377136
2040	0.2921365747311818
2041	0.275764328773458
2042	0.2587482025408535
2043	0.286620111792253
2044	0.3348600892175073
2045	0.2915444035242656
2046	0.3235687400070951
2047	0.3332883328986739
2048	0.30871778884246615
2049	0.3208148254851267
2050	0.29171227203144157
2051	0.29171227203144157
2052	0.32059242402221666
2053	0.33181657944013676
2054	0.32211907053189337
2055	0.3774672763246627
2056	0.3739660986941264
2057	0.3380315665020549
2058	0.3491286031447155
2059	0.33701399369059476
2060	0.31525889283797986
2061	0.31525889283797986
2062	0.3081868657108888
2063	0.2803149564594894
2064	0.29944303894566204
2065	0.32993505418148206
2066	0.3188668588120834
2067	0.3172192930475956
2068	0.3008470470898718
2069	0.28875001044721127
2070	0.2847103536524157
2071	0.2847103536524157
2072	0.24611060877006183
2073	0.2278144262250507
2074	0.23888937888437586
2075	0.1835411730916065
2076	0.18750207715184966
2077	0.23538316870972092
2078	0.22428613206706038
2079	0.2340057249586392
2080	0.26168154589587195
2081	0.2657212026906675
2082	0.2657212026906675
2083	0.2657212026906675
2084	0.1983531427792405
2085	0.19131090722288455
2086	0.18268735527238197
2087	0.17461532814529096
2088	0.17461532814529096
2089	0.17865498494008653
2090	0.19876394445020015
2091	0.20683597157729122
2092	0.20683597157729122
2093	0.21390799870438224
2094	0.21516563520798532
2095	0.2634056126332397
2096	0.26918181550422854
2097	0.24621201151775174
2098	0.28021586380416574
2099	0.27049627091258693
2100	0.24282044997535418
2101	0.25310064103635643
2102	0.25310064103635643
2103	0.2859985345531678
2104	0.30992523007498135
2105	0.28647545039551725
2106	0.27010320443779345
2107	0.27010320443779345
2108	0.27010320443779345
2109	0.2660635476429979
2110	0.24595458813288426
2111	0.24192221780058878
2112	0.26323932233558317
2113	0.26323932233558317
2114	0.2821208609399686
2115	0.3027441187160023
2116	0.3094255350970682
2117	0.2804745907308782
2118	0.262842984402188
2119	0.2846664752553932
2120	0.3129740742648727
2121	0.2986542264090749
2122	0.2986542264090749
2123	0.2657563328922635
2124	0.2697015466218494
2125	0.2697015466218494
2126	0.3001935618576695
2127	0.3145134097134673
2128	0.32883325756926507
2129	0.3359052846963561
2130	0.36511722527849894
2131	0.36107756848370337
2132	0.33976046394870896
2133	0.39956465635335675
2134	0.36431087179124755
2135	0.3228606679262542
2136	0.2978394242828662
2137	0.312159272138664
2138	0.31923680586040426
2139	0.3157094975522102
2140	0.2833622417479351
2141	0.30681202142739916
2142	0.3269209809375128
2143	0.3309606377323084
2144	0.30308872848090895
2145	0.30308872848090895
2146	0.27259671324508894
2147	0.2623165221840867
2148	0.2681056338384025
2149	0.2950374589977255
2150	0.28219776437330646
2151	0.28219776437330646
2152	0.286237421168102
2153	0.22643322876345423
2154	0.24817770978458528
2155	0.22480433524308613
2156	0.22719935180562806
2157	0.25088787909792853
2158	0.22743809941846446
2159	0.20914191687345332
2160	0.24593166002222025
2161	0.22652153713755174
2162	0.2064125776274381
2163	0.2545891984674572
2164	0.2545891984674572
2165	0.2545891984674572
2166	0.2545891984674572
2167	0.25054954167266164
2168	0.24476043001834583
2169	0.21479623452672741
2170	0.20246364536379913
2171	0.24066934809150048
2172	0.24066934809150048
2173	0.23763697775920503
2174	0.21589249673807398
2175	0.21589249673807398
2176	0.23426990251977328
2177	0.19626152737167502
2178	0.21058137522747283
2179	0.21058137522747283
2180	0.1737916320787059
2181	0.19157546613711546
2182	0.19561512293191102
2183	0.14339884529709637
2184	0.19163882272235072
2185	0.1956784795171463
2186	0.24089755240337102
2187	0.24089755240337102
2188	0.2265777045475732
2189	0.23061007487986868
2190	0.2530384613494413
2191	0.21483275862173995
2192	0.21483275862173995
2193	0.25459529655974994
2194	0.2667099060138707
2195	0.2626702492190751
2196	0.25562801366271914
2197	0.25562801366271914
2198	0.24130816580692133
2199	0.2453478226017169
2200	0.2453478226017169
2201	0.22352433174851175
2202	0.2473565842051156
2203	0.26746554371522924
2204	0.21922556628997492
2205	0.26805087019793455
2206	0.22283179731170985
2207	0.23715164516750767
2208	0.24119130196230323
2209	0.23311927483521216
2210	0.24065508385725795
2211	0.25497493171305574
2212	0.2509352749182602
2213	0.21420510731254566
2214	0.24641986568273772
2215	0.24641986568273772
2216	0.22297008600327364
2217	0.25468556373530193
2218	0.2587252205300975
2219	0.26440515662688074
2220	0.2933561009930708
2221	0.30042812812016184
2222	0.3192596216375369
2223	0.29915066212742325
2224	0.3031903189222188
2225	0.26243996767358435
2226	0.2805646357666006
2227	0.2662447879108028
2228	0.26220513111600724
2229	0.2733021677586678
2230	0.2392983154722538
2231	0.22497846761645598
2232	0.22497846761645598
2233	0.2619709854508996
2234	0.22168127442138238
2235	0.24243096413018791
2236	0.29067094155544226
2237	0.3120533855802015
2238	0.35554733341975925
2239	0.38702103091438084
2240	0.3621097433429864
2241	0.3693575640716932
2242	0.33697400915871645
2243	0.341013665953512
2244	0.34908861861283713
2245	0.3687845760273453
2246	0.3756557058425555
2247	0.40602388363681385
2248	0.4197610493398528
2249	0.41270366949198783
2250	0.430999852036999
2251	0.4407194449285778
2252	0.4751332431935422
2253	0.48104768549606325
2254	0.5140821656978314
2255	0.4933324759890258
2256	0.47680797629579974
2257	0.4960352657874204
2258	0.46059869779572765
2259	0.45340925969594126
2260	0.48546600764551384
2261	0.47821818691680706
2262	0.4846480287698148
2263	0.4806083719750192
2264	0.46849376252089847
2265	0.43668319565226954
2266	0.41168739774404306
2267	0.3853588767445803
2268	0.39808975430590954
2269	0.394050097511114
2270	0.3900737628219006
2271	0.3967264158880456
2272	0.3623126176230812
2273	0.3123336303590255
2274	0.3123336303590255
2275	0.3440491080910538
2276	0.3123336303590255
2277	0.24404807590541283
2278	0.23195103926275232
2279	0.23888997699026987
2280	0.2221658182036256
2281	0.22316581820362563
2282	0.20645578528961567
2283	0.2729289770260529
2284	0.2729289770260529
2285	0.32279905645443985
2286	0.3498584766083407
2287	0.3458188198135451
2288	0.34954770613270686
2289	0.3535873629275024
2290	0.364263312979931
2291	0.3478910670222072
2292	0.364263312979931
2293	0.3990379452703428
2294	0.3619638082737791
2295	0.36470743792470994
2296	0.36470743792470994
2297	0.3606677811299144
2298	0.3789639636749255
2299	0.3541458417540102
2300	0.33881325259108197
2301	0.33478088225878644
2302	0.34903740800900207
2303	0.28256421627256484
2304	0.300860398817576
2305	0.2550299761839846
2306	0.24709768948997102
2307	0.26938090677288307
2308	0.23918397718935314
2309	0.27923768753493794
2310	0.25424188962671157
2311	0.25424188962671157
2312	0.2878776349695274
2313	0.26420003932177616
2314	0.3124400167470305
2315	0.28505293649116237
2316	0.2947725293827411
2317	0.33993102613652254
2318	0.3287068707186024
2319	0.326902050481384
2320	0.33258198657816723
2321	0.33258198657816723
2322	0.3142858040331561
2323	0.3142858040331561
2324	0.2959896214881449
2325	0.3193629960296441
2326	0.3291868069359468
2327	0.30690358965303477
2328	0.38509865154515915
2329	0.3611142439148924
2330	0.3611142439148924
2331	0.39160625915071245
2332	0.34159826785017283
2333	0.3305012312075123
2334	0.2822612537822579
2335	0.2751892266551669
2336	0.2983548727007991
2337	0.2824083165291605
2338	0.27533628940206945
2339	0.2874844848106398
2340	0.2858369190461521
2341	0.28179726225135654
2342	0.29151685514293535
2343	0.3128339596779297
2344	0.3128339596779297
2345	0.285420928341635
2346	0.29121082051041175
2347	0.3217028357462318
2348	0.2727197144362502
2349	0.27093306814880547
2350	0.29592886605703184
2351	0.2654368508212118
2352	0.31328220761697345
2353	0.31328220761697345
2354	0.31328220761697345
2355	0.317321864411769
2356	0.34037316942395346
2357	0.34795097199057756
2358	0.3519906287853731
2359	0.32552258552100494
2360	0.3174505583939139
2361	0.35545893354201213
2362	0.3497789974452289
2363	0.32846189291023453
2364	0.32846189291023453
2365	0.3325015497050301
2366	0.2977607131700633
2367	0.26726869793424324
2368	0.24512878447919148
2369	0.22680647125652262
2370	0.2672635214610879
2371	0.2672635214610879
2372	0.22345782146012186
2373	0.2563430603973328
2374	0.26341508752442383
2375	0.25937543072962826
2376	0.22688866645969696
2377	0.20221353276505077
2378	0.21892356567906074
2379	0.24813550626120354
2380	0.3013796585241084
2381	0.2633712833760101
2382	0.27570387253893835
2383	0.29400005508394955
2384	0.2980397118787451
2385	0.29400005508394955
2386	0.29400005508394955
2387	0.2980397118787451
2388	0.3262214693137633
2389	0.34534860277365054
2390	0.2839354114556545
2391	0.33737299567227297
2392	0.34040536600456844
2393	0.3075201270673575
2394	0.3187704131629353
2395	0.35165565210014627
2396	0.33527789954777326
2397	0.3231632900936525
2398	0.30948562751193803
2399	0.3173478239263589
2400	0.264103671663454
2401	0.2991772446576489
2402	0.3035546884087306
2403	0.3016307518214433
2404	0.30868813166930825
2405	0.3157601587963993
2406	0.35709747742103015
2407	0.3530578206262346
2408	0.3178040360641254
2409	0.3209601198871502
2410	0.3266400559839334
2411	0.2802744988944059
2412	0.2829220646588937
2413	0.3134140798947137
2414	0.2991314234668404
2415	0.27734322117229004
2416	0.2799907869367778
2417	0.2799907869367778
2418	0.2799907869367778
2419	0.2630256094503277
2420	0.2670652662451233
2421	0.25381518410413356
2422	0.26227743497747086
2423	0.24590518901974706
2424	0.2348081523770865
2425	0.2536919473564458
2426	0.22847929682483112
2427	0.23819888971640993
2428	0.2600223805696151
2429	0.26420720655107127
2430	0.27485465092954176
2431	0.2775022166940295
2432	0.27989723325657145
2433	0.2834090703071654
2434	0.28644144063946086
2435	0.30321631324819975
2436	0.315779937639533
2437	0.3500950645844127
2438	0.3694910807216899
2439	0.39383215699668905
2440	0.3897925002018935
2441	0.3679690093486883
2442	0.37117010010284024
2443	0.38548994795863806
2444	0.4446925088371487
2445	0.438845646240812
2446	0.4227209781477958
2447	0.413001385256217
2448	0.42406313334022283
2449	0.3975950900758546
2450	0.410370263054286
2451	0.40469032695750273
2452	0.39257571750338205
2453	0.35857186521696804
2454	0.351499838089877
2455	0.3832299398465097
2456	0.4058560363002727
2457	0.37861293648248406
2458	0.3561845500129114
2459	0.34363240774461
2460	0.35070443487170105
2461	0.35070443487170105
2462	0.32233106033020187
2463	0.36690131329163134
2464	0.34084096266160135
2465	0.38836821293272045
2466	0.4262677722916486
2467	0.44938969706386134
2468	0.4557373206987763
2469	0.5136462224106778
2470	0.4805040121621971
2471	0.4835363824944926
2472	0.5155142007631877
2473	0.5338365139858566
2474	0.5790555868720813
2475	0.529173168755628
2476	0.518267707305367
2477	0.511195680178276
2478	0.5071560233834804
2479	0.4849777227582478
2480	0.47790569563115676
2481	0.497032829091044
2482	0.5179889702044749
2483	0.4631385261820432
2484	0.4618068828021914
2485	0.4119178973628932
2486	0.3903905839616889
2487	0.39373670245384434
2488	0.3778579118896685
2489	0.32398866697256257
2490	0.35687900753004886
2491	0.39930228098345066
2492	0.3977874267861051
2493	0.3932022792664753
2494	0.39859892033234756
2495	0.3929189842355643
2496	0.38300328530884586
2497	0.40895910741529623
2498	0.42327895527109405
2499	0.4704613400428439
2500	0.5084697151909422
2501	0.5447953403492798
2502	0.5361717883987771
2503	0.5644793874082568
2504	0.5326688205396277
2505	0.5471185257812232
2506	0.5428608892776201
2507	0.5699288595767975
2508	0.5506144443636429
2509	0.5576718242115078
2510	0.5793195808330727
2511	0.5750433531388046
2512	0.5793212256024217
2513	0.6109088628714099
2514	0.5723901855619735
2515	0.6028096361501372
2516	0.6095986389560423
2517	0.6297797198161053
2518	0.6849516172691004
2519	0.6874132011911005
2520	0.6844783990371971
2521	0.6330652972137678
2522	0.616693051256044
2523	0.5843457954517689
2524	0.5843457954517689
2525	0.552148865868239
2526	0.5673675222716502
2527	0.5209035358351957
2528	0.5369728385505137
2529	0.5606166384428201
2530	0.5211931507178897
2531	0.51430107145244
2532	0.49966919442758684
2533	0.4917236254467883
2534	0.4939464366599256
2535	0.47561199736998266
2536	0.4923222236261653
2537	0.4987475082194802
2538	0.46360941294290636
2539	0.40424585135757757
2540	0.39838421894552545
2541	0.3943445621507299
2542	0.4272822453445279
2543	0.45307700299193837
2544	0.49969814169376675
2545	0.531413619425795
2546	0.5497871651436574
2547	0.601717704321546
2548	0.633825022446247
2549	0.637617363210675
2550	0.6529657178279039
2551	0.63293490675214
2552	0.6289506153350427
2553	0.6547356329082715
2554	0.6474878121795647
2555	0.6640762998487533
2556	0.6306035268810908
2557	0.5780413393212626
2558	0.5818933920167448
2559	0.5929904286594054
2560	0.5734980809688415
2561	0.6052135587008698
2562	0.5890230998490062
2563	0.5703003693286869
2564	0.5528911712090012
2565	0.5211756934769729
2566	0.48656591854423903
2567	0.4758033296645139
2568	0.47182702945495364
2569	0.45161616537822774
2570	0.45296376817550704
2571	0.45641206665162687
2572	0.4524020080127314
2573	0.4059849807902084
2574	0.4650596998524342
2575	0.4716974938456575
2576	0.4776918439016503
2577	0.48980645335577105
2578	0.46132034351964846
2579	0.5010731487495151
2580	0.5355627418468958
2581	0.5296420217622779
2582	0.5128947974203435
2583	0.55892069205004
2584	0.5977569538400813
2585	0.5977569538400813
2586	0.6195451561346318
2587	0.6072116546568527
2588	0.571086286685719
2589	0.5983351794298235
2590	0.5705642693559901
2591	0.5649444564278754
2592	0.6026999264021417
2593	0.6199565543466211
2594	0.6277608587129617
2595	0.6173608533237236
2596	0.610989059516649
2597	0.6374741949448821
2598	0.6562043817327674
2599	0.6371651067288691
2600	0.6247664876085386
2601	0.6414006143330371
2602	0.6454402711278326
2603	0.6020619422626238
2604	0.5547634295992452
2605	0.5830679622509827
2606	0.5639198890168107
2607	0.558428405484325
2608	0.5702404915520178
2609	0.5317413127123355
2610	0.5398162653716606
2611	0.5476182928004579
2612	0.5074678062636497
2613	0.5070643284948491
2614	0.43311327793919163
2615	0.4359729004416306
2616	0.42627539153338717
2617	0.40597182919604446
2618	0.43511999595710166
2619	0.4734157226870518
2620	0.4513247487100016
2621	0.44178110327530373
2622	0.44985605593462885
2623	0.4401364630430501
2624	0.42645880046133555
2625	0.4419564625424037
2626	0.47846254743432465
2627	0.4577671479109139
2628	0.4515876767310349
2629	0.4789294478689083
2630	0.4708544952095831
2631	0.4612476475435674
2632	0.4779960979163568
2633	0.44843538019353896
2634	0.4767399128452764
2635	0.4640564794365347
2636	0.5266681936845028
2637	0.5124116679342872
2638	0.4689283309478867
2639	0.41893099685942137
2640	0.4132510607626381
2641	0.3874378489525182
2642	0.40703871723042573
2643	0.40703871723042573
2644	0.42737972143962943
2645	0.4093722843542344
2646	0.40293122849207996
2647	0.41900639324791167
2648	0.42772721217034537
2649	0.4013854410324719
2650	0.43259956879978556
2651	0.4417295006234518
2652	0.46576336707434673
2653	0.46576336707434673
2654	0.4891506663300672
2655	0.4917680138913109
2656	0.4331886699756383
2657	0.4732518885612388
2658	0.47023431574977853
2659	0.46687258058159936
2660	0.48628270346626784
2661	0.48325033313397237
2662	0.5042356440555841
2663	0.5292314419638104
2664	0.5296903198789151
2665	0.5109675893585958
2666	0.49850110663691327
2667	0.5124583629587289
2668	0.5301995056833202
2669	0.5719975579846162
2670	0.5600978454304572
2671	0.5366480657509931
2672	0.49018581283052554
2673	0.5065131933057793
2674	0.48679917966701663
2675	0.4650546986458856
2676	0.4569826715187946
2677	0.4411843287901361
2678	0.4629725310846865
2679	0.469675086422216
2680	0.4766882708141017
2681	0.5030167918135644
2682	0.45435565995472
2683	0.42935986204649357
2684	0.45576972829682905
2685	0.4905654810367103
2686	0.4592297690255873
2687	0.4275497821834522
2688	0.3954552056486135
2689	0.3966239350693107
2690	0.4034667926448904
2691	0.45275754450383643
2692	0.4830620253989923
2693	0.5000742221201716
2694	0.4945644471158447
2695	0.5128606296608559
2696	0.5457458685980668
2697	0.5174413359463295
2698	0.49262812413620943
2699	0.5413902850388882
2700	0.5276745453094731
2701	0.5013460243100103
2702	0.5156025500602259
2703	0.5583440043926561
2704	0.5081018856857167
2705	0.5006932132017036
2706	0.5247813665613992
2707	0.5368182989444218
2708	0.5608000942346691
2709	0.5138009421803805
2710	0.5350953280442201
2711	0.5201197031301538
2712	0.5357611375278428
2713	0.5664590002034106
2714	0.5561156250320586
2715	0.561746138008861
2716	0.5452331450293738
2717	0.5452331450293738
2718	0.5779474785825437
2719	0.5168325746430614
2720	0.5121999597552477
2721	0.5319047839815831
2722	0.5297332695295882
2723	0.5332327504458095
2724	0.5729428548047772
2725	0.5455557745489091
2726	0.5357874690450114
2727	0.5421465527992659
2728	0.582707281100893
2729	0.609082616721087
2730	0.5673108941652963
2731	0.5370354240152122
2732	0.5352898293528261
2733	0.4950846419374291
2734	0.4870320009715039
2735	0.5166656224375193
2736	0.5292443208459855
2737	0.5433589303001063
2738	0.5469745800892492
2739	0.585516266145979
2740	0.6232717361202453
2741	0.6318745109033894
2742	0.6157498428103731
2743	0.6199251601618876
2744	0.6019701566555347
2745	0.6439708242801263
2746	0.6685515416016554
2747	0.6638279793584182
2748	0.6249449910066531
2749	0.6163534894448687
2750	0.6471978027762465
2751	0.6818207655455621
2752	0.6406528152473988
2753	0.6168205627907949
2754	0.6087485356637039
2755	0.6081862375990663
2756	0.5832749500276719
2757	0.6215612452793443
2758	0.60503114406134
2759	0.5988284836789198
2760	0.5586779971421116
2761	0.5607898487207956
2762	0.5678618758478866
2763	0.5214852800425163
2764	0.5067875590377664
2765	0.4795383551392889
2766	0.48347594851998854
2767	0.4617314674988576
2768	0.45593514107332267
2769	0.4452086868627781
2770	0.4481830489939683
2771	0.43297020910932116
2772	0.4523662252465983
2773	0.49176263076877297
2774	0.5081348767264968
2775	0.47345917102597435
2776	0.485544182324195
2777	0.43718293441319744
2778	0.42142563461591875
2779	0.4014393519784125
2780	0.3917197590868337
2781	0.40516275281518954
2782	0.4142153937811147
2783	0.4537968756881475
2784	0.4891426116111897
2785	0.501732919022949
2786	0.47100936991904313
2787	0.5162284428052678
2788	0.49232265166366374
2789	0.497597860978727
2790	0.45809924941937574
2791	0.4483866354429507
2792	0.4402409054012514
2793	0.44299813347048167
2794	0.4266258875127578
2795	0.41234323108488447
2796	0.4611973846002691
2797	0.5088855313553807
2798	0.5579945607252037
2799	0.5662602587777681
2800	0.5733322859048591
2801	0.5472536756467492
2802	0.554578787233197
2803	0.5149973053261643
2804	0.4964264420118609
2805	0.47838488970462034
2806	0.4979857579825279
2807	0.48448216282833156
2808	0.48044979249603614
2809	0.48418650604842595
2810	0.5035966289330944
2811	0.49693149035714645
2812	0.5346664818615379
2813	0.492512848270133
2814	0.5128798855401823
2815	0.5583275802081225
2816	0.515665863134716
2817	0.4679777163796042
2818	0.4067540775556605
2819	0.41066727291147104
2820	0.41066727291147104
2821	0.40713996460327706
2822	0.42106941891504174
2823	0.4388532529734513
2824	0.41805337084914285
2825	0.4114007177829978
2826	0.43053508192349677
2827	0.4527500376204011
2828	0.4598074174682661
2829	0.4660525299661026
2830	0.4739072829383759
2831	0.5164739785106753
2832	0.47251371042627544
2833	0.49494209689584806
2834	0.514381670103164
2835	0.4746139115320072
2836	0.4666166548528106
2837	0.493069013293835
2838	0.4971086700886306
2839	0.47521716270383074
2840	0.4842698036697559
2841	0.4893276931326949
2842	0.4559881159362618
2843	0.45246080762806784
2844	0.5133995078011809
2845	0.5296357370160525
2846	0.5045806527909357
2847	0.46438738506504207
2848	0.47266259438010527
2849	0.4676256269071494
2850	0.46527203862160205
2851	0.4196729727170072
2852	0.4172955289659255
2853	0.40719973165928114
2854	0.4253110992636249
2855	0.43871343114425887
2856	0.4684581282499957
2857	0.4420057698089713
2858	0.49550898091070705
2859	0.5035953060608731
2860	0.5017904858236547
2861	0.48247607061050013
2862	0.48247607061050013
2863	0.5093989609517137
2864	0.48223514533467987
2865	0.46031898002302507
2866	0.4722983670698446
2867	0.4903717682354346
2868	0.5248329167637391
2869	0.5497567474773962
2870	0.5319028397538668
2871	0.5421830308148691
2872	0.5828937946154895
2873	0.6167805776873944
2874	0.6038008415478451
2875	0.6256171587177924
2876	0.6398325660246841
2877	0.6576164000830936
2878	0.6430461118668497
2879	0.6212226210136446
2880	0.6190173826119675
2881	0.671846299428313
2882	0.7170973944924633
2883	0.6856154873092777
2884	0.6518406027531984
2885	0.6719099054685165
2886	0.6855731795019672
2887	0.7440218952659532
2888	0.716471833902402
2889	0.6863555667467668
2890	0.7142189044196339
2891	0.7079710836909271
2892	0.6908943770309469
2893	0.6406353480013183
2894	0.6365787989041498
2895	0.6313260071832709
2896	0.6171105998763793
2897	0.6063841456658347
2898	0.567451222780343
2899	0.5841984471222774
2900	0.5801558647952477
2901	0.5572911434705208
2902	0.5598289759857107
2903	0.5460918102826717
2904	0.5470918102826717
2905	0.5448063416257632
2906	0.5191636805454929
2907	0.450648878934009
2908	0.43408513870311066
2909	0.4493286484043527
2910	0.42008786698040385
2911	0.42876306419524735
2912	0.39944907095782384
2913	0.40348872775261935
2914	0.38605681458709185
2915	0.3768633796016308
2916	0.36201077522223896
2917	0.35798576570666946
2918	0.4218106441631176
2919	0.4273466371040951
2920	0.44976662521282407
2921	0.447573339795039
2922	0.39574475542090304
2923	0.4385172959489096
2924	0.4304452688218186
2925	0.41266143476340905
2926	0.40323892307372244
2927	0.40484851406054156
2928	0.43797176317319775
2929	0.4680992469004243
2930	0.48182943368830955
2931	0.465082209346375
2932	0.46104255255157944
2933	0.4570028957567839
2934	0.455376606930525
2935	0.4432069049173739
2936	0.43011963242824736
2937	0.44136991852382523
2938	0.41322086100460986
2939	0.4228355372385092
2940	0.4390457687257981
2941	0.4568739245565595
2942	0.5184937188631384
2943	0.5093215528527454
2944	0.5286937988104692
2945	0.5429764552383425
2946	0.5570192016956083
2947	0.5734171436568842
2948	0.5346139584474449
2949	0.48421533356862045
2950	0.49266344740596785
2951	0.5412748797689153
2952	0.5533894892230361
2953	0.5912890485819642
2954	0.6416457529444299
2955	0.658397012715956
2956	0.6463120014177353
2957	0.6443619341527902
2958	0.6350614488357514
2959	0.6174834031747378
2960	0.5899082899115162
2961	0.5719850449441541
2962	0.5103652506375751
2963	0.4985883669731669
2964	0.4862881481425341
2965	0.49296163282809163
2966	0.4789188863708259
2967	0.43916687240159974
2968	0.47103369155427943
2969	0.4742565027674167
2970	0.5006443278660485
2971	0.5104334088608063
2972	0.5429774723255785
2973	0.5269014038198555
2974	0.4547212086041846
2975	0.4293672285015685
2976	0.4732296728180879
2977	0.4705945925634031
2978	0.4791399744639412
2979	0.484929086118257
2980	0.4825491770003043
2981	0.5064262578547628
2982	0.5104659146495584
2983	0.4997394604390138
2984	0.49266743331192275
2985	0.48178624485781707
2986	0.46945365569488884
2987	0.4734933124896844
2988	0.4416264933370047
2989	0.44560282802621803
2990	0.43729609667483055
2991	0.4041579944496191
2992	0.4002856822109872
2993	0.3825018481525776
2994	0.4348492942412279
2995	0.47357108406196363
2996	0.43998883080644646
2997	0.4668155713263641
2998	0.46219933470078783
2999	0.49294021706320146
3000	0.47619299272126697
3001	0.46193775275941107
3002	0.4843661392289837
3003	0.5129545528076042
3004	0.5293267987653281
3005	0.5319594136531418
3006	0.537639349749925
3007	0.5820410756674439
3008	0.624575236710162
3009	0.624575236710162
3010	0.5745962494461063
3011	0.5743296362218387
3012	0.5709225095328065
3013	0.5709225095328065
3014	0.5185750634441563
3015	0.49088337044064734
3016	0.531838991449902
3017	0.5612065964583077
3018	0.5849890532964264
3019	0.5542481709340127
3020	0.579243968842239
3021	0.5768072153949351
3022	0.5503391721305669
3023	0.5385256311606853
3024	0.5693805646692741
3025	0.5597053674544307
3026	0.5734355542423158
3027	0.5610905762743694
3028	0.5185564152316514
3029	0.5073322598137313
3030	0.519446869267852
3031	0.4944510713596256
3032	0.4973859152146905
3033	0.5183420563281214
3034	0.5377143022858452
3035	0.5392478298599517
3036	0.4936919538864779
3037	0.43749760835815465
3038	0.434594285199884
3039	0.43060999378278664
3040	0.4096538526693558
3041	0.3908804209519162
3042	0.4384140255862695
3043	0.4629321089831452
3044	0.4543675490809438
3045	0.49889021989149285
3046	0.49373662275704
3047	0.49471435500923555
3048	0.5444895795006999
3049	0.5511547180766478
3050	0.6167623659024193
3051	0.6238343930295103
3052	0.5875599719780122
3053	0.6091379919072994
3054	0.6512453244154423
3055	0.6386817000241091
3056	0.6370341342596213
3057	0.6330165614481611
3058	0.6347051249725307
3059	0.6368766394245257
3060	0.6896805162795203
3061	0.6838732306754308
3062	0.6500767917441166
3063	0.5976867990958414
3064	0.5879751238979203
3065	0.5955829868387907
3066	0.6006408763017298
3067	0.5885625372133926
3068	0.5626195651785321
3069	0.5529220562702887
3070	0.47519979899039644
3071	0.5014814218955245
3072	0.4974417651007289
3073	0.45490760405801084
3074	0.40774787344794206
3075	0.42852029579218326
3076	0.42752029579218326
3077	0.48336219987508516
3078	0.4813076017185822
3079	0.47108344630066207
3080	0.4253369492935325
3081	0.44997747575326236
3082	0.466167398950879
3083	0.5117585450513641
3084	0.4989322687781903
3085	0.44944930079125844
3086	0.45602231768396395
3087	0.4310265197757375
3088	0.4031546105243381
3089	0.4380753280450702
3090	0.45018993749919095
3091	0.42655588035855063
3092	0.510386437152152
3093	0.5174438170000171
3094	0.5503399798616508
3095	0.5319625740799515
3096	0.5656769076331214
3097	0.5337755155714669
3098	0.47891827883380067
3099	0.49825928304300443
3100	0.4871622464003439
3101	0.4552738992119072
3102	0.44347147840426776
3103	0.39788033230378267
3104	0.3960755120665643
3105	0.38635591917498546
3106	0.39600464519425155
3107	0.426309177845989
3108	0.426309177845989
3109	0.44078374183380814
3110	0.47357844611636246
3111	0.46385885322478365
3112	0.3967755207731166
3113	0.40242570847239056
3114	0.42249405595337153
3115	0.4144191032940464
3116	0.4619259534524816
3117	0.432305505334451
3118	0.432305505334451
3119	0.44110441458029903
3120	0.44817644170739007
3121	0.45542426243609685
3122	0.4580492840518862
3123	0.49537627767266124
3124	0.4978036541587979
3125	0.504875681285889
3126	0.5223575427599325
3127	0.4960926669029907
3128	0.5635110566072298
3129	0.5404442960981413
3130	0.5138311649064774
3131	0.6049818410260486
3132	0.6334536895703387
3133	0.626426058119983
3134	0.6358922224342365
3135	0.6519615251495546
3136	0.591540223562258
3137	0.591540223562258
3138	0.6154669190840715
3139	0.5832946352967243
3140	0.6380688032424953
3141	0.6334685482782763
3142	0.6248334680235914
3143	0.6137898075252937
3144	0.6010822399781547
3145	0.6083300607068615
3146	0.6102391358013503
3147	0.6406132772715191
3148	0.5772345443620756
3149	0.596845353831873
3150	0.613008278669821
3151	0.5535730802822781
3152	0.582945267131443
3153	0.5802977013669552
3154	0.5146442154969498
3155	0.4945352559868361
3156	0.49075150009513224
3157	0.5085353341535418
3158	0.5330318446509195
3159	0.5289921878561239
3160	0.502806097696088
3161	0.4930865048045092
3162	0.5072552284728656
3163	0.5083849266866832
3164	0.5124172970189786
3165	0.5240532712696313
3166	0.481458765738901
3167	0.4591595769280573
3168	0.5178143232152683
3169	0.4678353359512126
3170	0.4583720264764799
3171	0.4939409069428642
3172	0.43572189316519844
3173	0.4467745341311236
3174	0.4356774974884631
3175	0.4714714397813003
3176	0.5161057078362883
3177	0.5426928554817885
3178	0.5023416765896884
3179	0.5023416765896884
3180	0.47072122847165776
3181	0.526281098938953
3182	0.5388983309938028
