1	0.08079313589591118
2	0.6232537541023877
3	0.4155025027349251
4	0.4833475655009512
5	0.48985708299040287
6	0.6809625601990555
7	0.6114524598608442
8	0.6178764279994403
9	0.6511891096830718
10	0.6022142529689467
11	0.5807807994675313
12	0.5323823995119037
13	0.4914299072417573
14	0.5106254497932007
15	0.5009786632003356
16	0.474717067743809
17	0.4945147769623575
18	0.47784128145509186
19	0.5214700040375537
20	0.5024685309627671
21	0.5327440011128513
22	0.5023301917488074
23	0.5287982350131757
24	0.5015261244503153
25	0.4878459762570255
26	0.42514861240479684
27	0.41542901951321803
28	0.42744530601851877
29	0.42980075528616696
30	0.471671004958836
31	0.45738834853096266
32	0.4684853851736232
33	0.5098227037982541
34	0.49516840065810597
35	0.5157727832904218
36	0.5395893606712436
37	0.5369250138072152
38	0.5531612430220868
39	0.4975414853875722
40	0.5122139392816122
41	0.5250797293757812
42	0.4972078201243817
43	0.48711202281773736
44	0.5074530270269411
45	0.4953384175728203
46	0.4832833112400241
47	0.4994079793330403
48	0.491576476200034
49	0.4504085259018706
50	0.44621256774109685
51	0.4502449380733923
52	0.4809342621109927
53	0.4776053186344601
54	0.4807192898908782
55	0.4621857619836006
56	0.475666846432614
57	0.4973893742877589
58	0.48755822027432477
59	0.5206111679107525
60	0.502906343684417
61	0.4597650834401639
62	0.4832148631196279
63	0.4973346323977241
64	0.4933713807408934
65	0.5267250307731125
66	0.5687487890908024
67	0.587697693991981
68	0.5711203900800116
69	0.6295668562415463
70	0.6211057134155893
71	0.6443693982996213
72	0.6208792201643715
73	0.6224959180146095
74	0.5960278747502412
75	0.6474688635959472
76	0.6278760259924473
77	0.6022577910647883
78	0.586133122971772
79	0.5474002392385611
80	0.5554751918978862
81	0.5514355351030906
82	0.5377053483152054
83	0.5458759526434966
84	0.5529181881998526
85	0.5651556842681187
86	0.5324321447810616
87	0.526592249713566
88	0.546724252849752
89	0.5188045220911819
90	0.5078734182861027
91	0.47653770627497966
92	0.4746137696876923
93	0.45843847636882007
94	0.5063731776276631
95	0.43456515151190783
96	0.41989269761786785
97	0.44635471429383006
98	0.4912929562359901
99	0.5361960069155394
100	0.5338009903529974
101	0.5879100556885235
102	0.5964866453419558
103	0.5618636825726402
104	0.5571664249842307
105	0.5523616395640065
106	0.5634024249425774
107	0.5341687470158781
108	0.5207000855071813
109	0.509057145083576
110	0.48674272987042144
111	0.5130260629928987
112	0.5130260629928987
113	0.5358172185620861
114	0.5159419374571439
115	0.5382251547400558
116	0.5311531276129648
117	0.5024027363826169
118	0.46150415123525257
119	0.4166011005557033
120	0.41495353479121555
121	0.37516431731148725
122	0.36494016189356715
123	0.3609005050987716
124	0.34942559530715894
125	0.31571126175398906
126	0.30261807827349213
127	0.34293215611978567
128	0.3358861620535402
129	0.32204494940121065
130	0.35633228622719004
131	0.3300489531047129
132	0.3453921848790174
133	0.30319090642516144
134	0.30684696400328887
135	0.3320973513547302
136	0.3625893665905502
137	0.3405934817501007
138	0.3462734178468839
139	0.3519533539436671
140	0.3882761594048571
141	0.40958498463689813
142	0.45275079411241465
143	0.4901300281036433
144	0.4758101802478455
145	0.48703433566576565
146	0.5511940771947335
147	0.5467165504824808
148	0.5424741813054477
149	0.58799079836046
150	0.5737519580993806
151	0.6549759030679132
152	0.6550709922045138
153	0.6922246257959187
154	0.6908773258581486
155	0.691189078019557
156	0.7020610733650854
157	0.7004135076005976
158	0.6906939147090189
159	0.7215382280403967
160	0.7142175324486792
161	0.7503031122631614
162	0.7390394646474208
163	0.7087322577832832
164	0.718451850674862
165	0.726623711394219
166	0.6699676128626585
167	0.6775671240455878
168	0.6725394925952322
169	0.6684151293372544
170	0.6702827980840093
171	0.6494018515610255
172	0.6273108775839753
173	0.6545426107325575
174	0.6322464600653902
175	0.6374505786925252
176	0.6178310491323078
177	0.6168310491323078
178	0.6447029583837073
179	0.6451904927815779
180	0.6121560125798098
181	0.5654375575857152
182	0.5437595511438593
183	0.5487845606594288
184	0.6024512099476362
185	0.615668616904549
186	0.6203131693157121
187	0.6252877454974473
188	0.6141907088547867
189	0.564723502398427
190	0.5666239144675941
191	0.5366959084370349
192	0.5667283295146822
193	0.5415900071515777
194	0.5643951361900874
195	0.5575865960158423
196	0.5549692484545985
197	0.595742578123269
198	0.5678706688718697
199	0.5459463617109297
200	0.5898088060274491
201	0.6088775530807574
202	0.6495643906277219
203	0.6495819634391821
204	0.6063046807695096
205	0.6078125209344291
206	0.5884165047971519
207	0.5440455230932421
208	0.5551425597359027
209	0.5714699402111564
210	0.5557283154896596
211	0.5808731935419653
212	0.5694257122244766
213	0.5671904516736257
214	0.5566803327780743
215	0.5460680706172617
216	0.5777907790299017
217	0.5656862587691069
218	0.5777832954117674
219	0.5754033862938147
220	0.5736655070479182
221	0.5748200349726083
222	0.5489792251291133
223	0.5708684679614067
224	0.5650793563070908
225	0.5376232316239294
226	0.5305512044968383
227	0.5557234882841856
228	0.5790855590244842
229	0.5900542337655579
230	0.6140360290558052
231	0.5855355787424108
232	0.5864429866728162
233	0.5494312028467847
234	0.5607796433087636
235	0.5547961982805746
236	0.5488556701447224
237	0.5372029869694511
238	0.5348255432183694
239	0.525150346003526
240	0.5183370738935354
241	0.4874378488631086
242	0.4867086699509226
243	0.4624244105560874
244	0.5049731363114306
245	0.5130594614615968
246	0.5331684209717104
247	0.5079961371843631
248	0.47757668659619956
249	0.4848407194674304
250	0.47048879574419333
251	0.49642739451348383
252	0.4752874810584321
253	0.497042581911047
254	0.5024012411755823
255	0.4910783263386014
256	0.46449132582459524
257	0.4756569570270089
258	0.5030115011319938
259	0.5327292171536696
260	0.5405124268610162
261	0.5484757962881304
262	0.5465547801876556
263	0.5708390395824908
264	0.5549132559852814
265	0.545204374586197
266	0.5564635928703416
267	0.5667437839313438
268	0.6202596687624616
269	0.6104179331843489
270	0.6007880616173387
271	0.6033224192188656
272	0.6135727053144435
273	0.6060741302120443
274	0.5689999932154806
275	0.5955869937294868
276	0.5910018462098569
277	0.5901618599127121
278	0.577014418437962
279	0.540224675289195
280	0.5092151839194367
281	0.5254651439359195
282	0.5150820882102132
283	0.4851178927185947
284	0.45849495056046086
285	0.4614949505604609
286	0.4662231775105707
287	0.4589753567818639
288	0.44275713378058146
289	0.4741173422467435
290	0.507391382491145
291	0.4639736154205473
292	0.46910108187734245
293	0.4888635041316589
294	0.5455309925213191
295	0.5270897220490123
296	0.5451720421784214
297	0.5830303327283451
298	0.5825534168859956
299	0.6176269898801905
300	0.6487295012534869
301	0.6305633612241415
302	0.6144940585088234
303	0.6733216014259376
304	0.6630414103649354
305	0.6479268009108146
306	0.6498387713145448
307	0.6508387713145447
308	0.6535659976514485
309	0.6101950042229799
310	0.5785435202274967
311	0.612313438930982
312	0.596935686378609
313	0.5659491087063724
314	0.5638197174957632
315	0.5807877365483652
316	0.5739640486241435
317	0.5114115527008342
318	0.5040864411143864
319	0.47305252491498706
320	0.42986500224346996
321	0.4192175578649994
322	0.45605959391519546
323	0.3931923942032859
324	0.4195209152027487
325	0.48796275532674593
326	0.4757491378260581
327	0.5261005956507783
328	0.513404228483502
329	0.5047290312686584
330	0.5437624521097325
331	0.5473732245326192
332	0.5877425801178426
333	0.6047587063504472
334	0.5582926362984871
335	0.5452247517757752
336	0.5814525926914925
337	0.5979954109324076
338	0.6302997729146196
339	0.6403747255739447
340	0.646054661670728
341	0.6731248119279161
342	0.6775679220549516
343	0.7049809533912464
344	0.6746127755969881
345	0.6132429626000818
346	0.598545241595332
347	0.5782417038256189
348	0.5915321989502534
349	0.6276787538810119
350	0.5789478241316944
351	0.5943273044917065
352	0.6342524951801772
353	0.6222789512746024
354	0.6489477606824783
355	0.6505574011569151
356	0.6143295602411977
357	0.614535192373072
358	0.6107648352167366
359	0.6006898825574114
360	0.6167650473132431
361	0.6179432566401586
362	0.5978808648006253
363	0.5745074902591261
364	0.6157058614279661
365	0.626956147523544
366	0.6158591108808834
367	0.5817788204935808
368	0.5901725640751356
369	0.5772896940284092
370	0.6130020512028398
371	0.548127270262335
372	0.5140361657266023
373	0.5324135715083015
374	0.5017123917681302
375	0.5261274167903911
376	0.5261274167903911
377	0.5430954358429931
378	0.5625717160018666
379	0.5768282417520822
380	0.5550731408994674
381	0.5388496694449161
382	0.5256842949550826
383	0.5337592476144077
384	0.4996329035726588
385	0.5438662027928032
386	0.5509382299198942
387	0.5708252686469122
388	0.5869576149150264
389	0.5667189395465639
390	0.5310065823721334
391	0.6032017459180918
392	0.5940847738068207
393	0.5885885564792271
394	0.5966459363270922
395	0.5907550027513994
396	0.623409852699109
397	0.6470918605620013
398	0.591028934611326
399	0.5918598855262022
400	0.6430575679185171
401	0.6376853328551099
402	0.6825001311066184
403	0.7442929711974443
404	0.7799934845983598
405	0.7375468316656603
406	0.7663812804860445
407	0.7464942417590266
408	0.7484780303991119
409	0.7596642110393634
410	0.7878214838280978
411	0.7788603419143234
412	0.7827745399122247
413	0.8056240987997599
414	0.8205864823110003
415	0.806851393396116
416	0.8068706926791173
417	0.7564998468411892
418	0.8039006470332227
419	0.7847735135733355
420	0.8081281687289265
421	0.7917559227712025
422	0.7419161150041245
423	0.6976538935188278
424	0.7275956911454513
425	0.7667821534681286
426	0.8034592301594454
427	0.8161667977065843
428	0.7449982462979369
429	0.7388396971080411
430	0.7422714406123501
431	0.6871094461072569
432	0.6859714526144172
433	0.6909910565214108
434	0.7133209235229647
435	0.7023488603699964
436	0.6887434581925937
437	0.7108967990279862
438	0.705854328401061
439	0.7491184735122995
440	0.7301485663836712
441	0.7540752619054848
442	0.8003642272318938
443	0.8158774959260254
444	0.7799529009201623
445	0.7653161520062642
446	0.7288290041118403
447	0.7424967721848954
448	0.7592439965268298
449	0.7528389213253924
450	0.7172102482375535
451	0.7162102482375536
452	0.6992982187894421
453	0.70219071189383
454	0.6528014247383751
455	0.6589844853596598
456	0.664284875384981
457	0.6487383822156043
458	0.6549840144524793
459	0.658233737906503
460	0.6066836778195209
461	0.5827569822977073
462	0.5694347970449276
463	0.5701608284487524
464	0.5333710852999854
465	0.5088395458409799
466	0.5480295984493541
467	0.52165426282916
468	0.5271902557701376
469	0.5525442358727537
470	0.6237840144647415
471	0.6496496705314485
472	0.6283465916122958
473	0.6065929900915668
474	0.6508021760805262
475	0.6188243578118311
476	0.5694594228249751
477	0.5854590008492441
478	0.5287830119201697
479	0.5441037064073525
480	0.5441037064073525
481	0.555200743050013
482	0.5480522764067789
483	0.5419197622183989
484	0.5863217726878027
485	0.6217353643686284
486	0.5545209341429771
487	0.5951990935210513
488	0.5963656559176033
489	0.5831155737766135
490	0.5215953880762044
491	0.5087666643925202
492	0.558249632379452
493	0.563596729848466
494	0.5804924208685217
495	0.5968646668262456
496	0.6151608493712567
497	0.6077850176077327
498	0.6699328347360889
499	0.6491497123044712
500	0.6481497123044712
501	0.6783899942864415
502	0.6977159313637699
503	0.7247973330183434
504	0.6803953225489396
505	0.6489427507679222
506	0.6843067859578014
507	0.6816622015953404
508	0.6816622015953404
509	0.6598387107421353
510	0.6900933068374236
511	0.6863565932850338
512	0.6576460476423432
513	0.628014690778494
514	0.5709494705642744
515	0.5906736293509186
516	0.6164708139462879
517	0.6222671403718227
518	0.5601193232434667
519	0.5190678826226394
520	0.5438937490123598
521	0.5186810984807451
522	0.5223594746154079
523	0.5178682879957127
524	0.5693371545051407
525	0.5589861668484841
526	0.5276647139856345
527	0.5090412618546898
528	0.5241246594746205
529	0.5424469726972895
530	0.5321180117700723
531	0.5228177929394395
532	0.5442465260562863
533	0.5896525611550779
534	0.5896525611550779
535	0.5827680969928526
536	0.5427143866472678
537	0.5601635133228372
538	0.5601635133228372
539	0.5802724728329508
540	0.5594716159588
541	0.5722978922319737
542	0.5357754844202202
543	0.47343325541611564
544	0.4998458962486053
545	0.5233926502441233
546	0.5610469627310138
547	0.564065226315918
548	0.5648829987719513
549	0.5562802784408611
550	0.5479521549162056
551	0.5505997206806934
552	0.5313921280902314
553	0.519553201271539
554	0.5225855716038346
555	0.4974132878164873
556	0.52884167428606
557	0.4970681825957245
558	0.556926018960304
559	0.6106389721264138
560	0.6138617833395511
561	0.6210072437177292
562	0.6234584886132105
563	0.6402057129551451
564	0.5623242056132274
565	0.5250402859146704
566	0.5483003658399361
567	0.5409594560354553
568	0.5425512962939588
569	0.5858841199028277
570	0.5993416476582453
571	0.6039419026224643
572	0.6014256764437894
573	0.5764351578171224
574	0.6246004698771419
575	0.6723549190600633
576	0.6686023535277235
577	0.6615248198059833
578	0.6504920068792949
579	0.6308078061674056
580	0.6205276151064034
581	0.5915032374891263
582	0.5949421577684151
583	0.6235197363985078
584	0.6702231391672824
585	0.7019386168993107
586	0.6472319282557025
587	0.6884850156931439
588	0.6515818824740078
589	0.646431567084875
590	0.6156965915892588
591	0.6546208959963659
592	0.6774763829132837
593	0.7147400708355678
594	0.6595027316484574
595	0.6077086256707404
596	0.5800328047335076
597	0.5901286020401519
598	0.5935736218198401
599	0.6050516238076029
600	0.6504913430739101
601	0.7010305203031642
602	0.6828401362977613
603	0.7087410333643323
604	0.6717572234871365
605	0.6440814025499038
606	0.6368561259698955
607	0.6132656482213338
608	0.647759168725933
609	0.6325702233768228
610	0.6285305665820272
611	0.5752864143191223
612	0.5551192367558856
613	0.5312748440206186
614	0.5565372551531126
615	0.6017563280393372
616	0.5977166712445416
617	0.6046022780123925
618	0.594405466605222
619	0.5328294094479207
620	0.5072767289086314
621	0.4958297464177048
622	0.5166296285420132
623	0.4551235213949939
624	0.47113544426244697
625	0.5091690192780602
626	0.5272839232175424
627	0.55283640907288
628	0.5670200099801723
629	0.5583950075776631
630	0.5927391452676146
631	0.6219510858497574
632	0.6187110749721962
633	0.6007327629432069
634	0.6217451390983342
635	0.6105299184985236
636	0.6473196616472905
637	0.6483798098800357
638	0.6333659982235278
639	0.6633301937151462
640	0.6434431549881283
641	0.6115987809785076
642	0.6040939089971575
643	0.6433531377139795
644	0.6394451128081527
645	0.6321127175327108
646	0.652191528809514
647	0.6310623647789284
648	0.5894426232149018
649	0.5653544698552062
650	0.5777265754193907
651	0.6076404904027352
652	0.5779952623430853
653	0.5836303425977701
654	0.5704977655586296
655	0.5462135061637944
656	0.5164957901421185
657	0.518871735025921
658	0.5352483771889903
659	0.5195668381252452
660	0.5322744056723842
661	0.5511724093900995
662	0.572142690744681
663	0.556306079384761
664	0.5385222453263514
665	0.5498540008254156
666	0.5086352760935606
667	0.46742221112004173
668	0.4563251744773812
669	0.46036483127217676
670	0.4136485880180409
671	0.36424232534413237
672	0.42431519138867496
673	0.4438435106082781
674	0.4177733274868884
675	0.4314078066032597
676	0.4394503889302895
677	0.41639781148456156
678	0.39942979243195953
679	0.44067966026125927
680	0.4522369685710622
681	0.43011615364020966
682	0.39849842790715756
683	0.38546517716879053
684	0.38546517716879053
685	0.343432241929555
686	0.335360214802464
687	0.3514848828954802
688	0.3514848828954802
689	0.3982950679732119
690	0.4565410853354347
691	0.4565410853354347
692	0.39646821929089215
693	0.42307931744020727
694	0.42572688320469504
695	0.47458908883155954
696	0.4899374434487885
697	0.48023993454054503
698	0.4881255413083959
699	0.4285533602564273
700	0.432596083408965
701	0.451914039181294
702	0.47268646152553523
703	0.48571971226390226
704	0.5173087285569455
705	0.5173087285569455
706	0.5340559528988801
707	0.5179312848058639
708	0.5362535980285328
709	0.5325399396956647
710	0.48401351522502073
711	0.5154872127196424
712	0.5678881174254354
713	0.5023764540987935
714	0.4966965180020103
715	0.43880008822299343
716	0.4565771015768981
717	0.5269942113896025
718	0.5047551708115041
719	0.5759141851188778
720	0.5776868764967009
721	0.5615917319375091
722	0.5693825120088701
723	0.5775776203850203
724	0.584787105855208
725	0.584787105855208
726	0.5777594744048523
727	0.5920793222606501
728	0.6252258755474092
729	0.6587643270781217
730	0.6627818998895819
731	0.6545262926971794
732	0.6212525214512736
733	0.6252921782460692
734	0.669492498876528
735	0.6795267230286803
736	0.631286745603426
737	0.5568299789959261
738	0.5544349624333842
739	0.48731560492080594
740	0.48361065015369736
741	0.48302796800093856
742	0.46304135523876877
743	0.42170403661413786
744	0.37886587805611127
745	0.3987529167831292
746	0.3961053510186414
747	0.38582515995763916
748	0.37957536633443584
749	0.35845641587084176
750	0.34471925016780275
751	0.3446668059112157
752	0.33663670909398896
753	0.39651681373450054
754	0.3763649896689417
755	0.3641079543036521
756	0.4154972414591069
757	0.4252168343506857
758	0.4225692685861979
759	0.46150219147168964
760	0.4589591083080995
761	0.4573365520591812
762	0.4673449021659074
763	0.4990603798979357
764	0.5208838707511408
765	0.5009968320241229
766	0.527584909809858
767	0.5469950326945264
768	0.5341232156125769
769	0.4906921990988155
770	0.5488562594448252
771	0.5159710205076142
772	0.5801183175862086
773	0.5161985561509015
774	0.4978299956827847
775	0.5322468276053864
776	0.5339554622067192
777	0.5641621428612228
778	0.5991633475445406
779	0.593264904860817
780	0.5817652415671414
781	0.5777226592401117
782	0.5695452600482616
783	0.5475493752078121
784	0.5460929216246563
785	0.5760571171162747
786	0.5782335633374895
787	0.6037982073182793
788	0.6033488450308155
789	0.5993387863919201
790	0.5492467531730013
791	0.5589663460645802
792	0.52894108522955
793	0.5790032081826585
794	0.5790032081826585
795	0.5525982991275098
796	0.5092199702623011
797	0.48361354457201655
798	0.4415403127616077
799	0.4262896666182492
800	0.46445551783957645
801	0.5087309368011358
802	0.5674127626757922
803	0.5887158415949449
804	0.5780683972164744
805	0.5895016302281835
806	0.5960939634660514
807	0.5828750940861926
808	0.5590492276964723
809	0.5509742750371471
810	0.5526218408016349
811	0.5539992845527166
812	0.5543514176332653
813	0.5360047724121851
814	0.5685536943135107
815	0.5524843915981926
816	0.5468044555014094
817	0.5516117411054988
818	0.5717207006156124
819	0.5596168026539862
820	0.505078705474935
821	0.4527312593862847
822	0.3836418929433197
823	0.4387759837240209
824	0.4427935565354811
825	0.45263194010241053
826	0.4172750828575927
827	0.4304222360515425
828	0.4446673134594459
829	0.5116631647003478
830	0.5338414653255804
831	0.576858910273816
832	0.5960005842740181
833	0.5786049543977876
834	0.5403760963996789
835	0.5885527172396979
836	0.5915850875719934
837	0.6195921135748808
838	0.6373827134236951
839	0.6620769187970807
840	0.7123215818780425
841	0.7163612386728381
842	0.7463936597504854
843	0.7018127120789746
844	0.7241719511203036
845	0.6688964822552511
846	0.741245242951081
847	0.7203906888364318
848	0.718182543811551
849	0.6592616452299742
850	0.6344357788402538
851	0.620175351330607
852	0.5715871394566476
853	0.6067466676619526
854	0.6267951642268527
855	0.5786185433868336
856	0.5715465162597425
857	0.5743913440610237
858	0.5583152755553006
859	0.54027372324806
860	0.5213972379613566
861	0.5690853847164684
862	0.5682339359245692
863	0.5571501362404674
864	0.5210537314960992
865	0.5646462900825862
866	0.5220152454084321
867	0.5197218496961471
868	0.5093324830776123
869	0.5394863884163958
870	0.5786552965379563
871	0.5388012424567071
872	0.5444210553848219
873	0.5086788450267581
874	0.5007153597600787
875	0.5007153597600787
876	0.5442876113026925
877	0.4983482808334324
878	0.49289703593795114
879	0.5209196225685083
880	0.543652381523751
881	0.5120335374839573
882	0.5190175004642366
883	0.48852548522841654
884	0.5028453330842144
885	0.49323059276642267
886	0.4953414147949827
887	0.4896556166576859
888	0.5358754755938637
889	0.4976466175957549
890	0.455445339141899
891	0.4828583704781938
892	0.4708334823486416
893	0.4810230121674161
894	0.46893800086919546
895	0.5372572521608348
896	0.4936850006182209
897	0.48964534382342534
898	0.5405019886959448
899	0.5289923950448747
900	0.5303642856144982
901	0.5461800935237011
902	0.5716890082839645
903	0.6189161877502771
904	0.6466695717048881
905	0.6270116012919907
906	0.6133734472471578
907	0.5932644877370441
908	0.5905827703599701
909	0.6394200470971207
910	0.651752636260049
911	0.6243396049237543
912	0.6226920391592665
913	0.6428298885989876
914	0.6776907969815189
915	0.6270763699162151
916	0.683469213207171
917	0.7152797800758
918	0.6964799193207849
919	0.6635946803835739
920	0.6422418002465476
921	0.613389059954322
922	0.5950450924593492
923	0.5774631410526865
924	0.5353899092422776
925	0.5411790208965934
926	0.5418724318705499
927	0.5582446778282737
928	0.5272701606605031
929	0.5003490492350073
930	0.5179806555636974
931	0.5383476928337468
932	0.5302756657066559
933	0.5393568675662042
934	0.5182035267308117
935	0.5229270889740489
936	0.48085409353889075
937	0.4834573249352262
938	0.4568517857132032
939	0.5124116561804984
940	0.49466395495612414
941	0.5067190612889203
942	0.4841616011018437
943	0.4954591630561255
944	0.5295791102382237
945	0.5237899985839077
946	0.527761265378113
947	0.5554823865607695
948	0.5764633143890961
949	0.5585795194097367
950	0.5712790698920973
951	0.5828898508907431
952	0.6107617601421425
953	0.6273309856231742
954	0.6771838954963147
955	0.6507158522319465
956	0.6597500763840989
957	0.6633446532672328
958	0.6734190559308391
959	0.6178591854635438
960	0.6508518744926759
961	0.6726675310467203
962	0.651895108702479
963	0.622049355331208
964	0.6446053970781842
965	0.6400051421139652
966	0.6292051866731968
967	0.6195709269157755
968	0.5803464385993325
969	0.6173722060699979
970	0.5706688033012234
971	0.5805587648995005
972	0.5818987962302439
973	0.5586265964938318
974	0.5272384028608996
975	0.5272384028608996
976	0.5242513681229989
977	0.5203629401569987
978	0.5123917421620009
979	0.5204637692890919
980	0.504036517496034
981	0.5201266803091329
982	0.5387116200692915
983	0.5705381202515889
984	0.5892360035850733
985	0.5865884378205856
986	0.6190560022983383
987	0.6047058544254929
988	0.65459663105963
989	0.6711324838830978
990	0.7233944652386471
991	0.7434967033539323
992	0.777449014336247
993	0.7767130533459387
994	0.7475731398908869
995	0.7658954531135558
996	0.7786706260919872
997	0.8064785253337536
998	0.8127487593954701
999	0.804676732268379
1000	0.8021072268688394
1001	0.7450742740418088
1002	0.7390529586729835
1003	0.7220852439544758
1004	0.6795966106291281
1005	0.7213918028319172
1006	0.6795166977858559
1007	0.7172844312626531
1008	0.667393654628516
1009	0.6057600072072918
1010	0.5717942083967535
1011	0.5594629131138865
1012	0.5197484412288931
1013	0.5069268685907097
1014	0.537822793939301
1015	0.5346150901707528
1016	0.5206000133821593
1017	0.4586721669582948
1018	0.48982495103966184
1019	0.4938646078344574
1020	0.4884922279484255
1021	0.5372368302271265
1022	0.531700837286149
1023	0.5622857403204117
1024	0.567368453858883
1025	0.5679965351094958
1026	0.6255012969567599
1027	0.6127831007236305
1028	0.6198404805714955
1029	0.6739549621623916
1030	0.679746932977076
1031	0.6551040081859121
1032	0.6437688379605688
1033	0.6206031919149366
1034	0.6400148512646251
1035	0.6289398986053
1036	0.6316362559986178
1037	0.6480085019563416
1038	0.6380644333388317
1039	0.6696534496318749
1040	0.6629538342686596
1041	0.6263238414440793
1042	0.6095766171021448
1043	0.5530358919614318
1044	0.52616497612841
1045	0.5180069941725481
1046	0.5126083087524472
1047	0.5045239489952296
1048	0.49342691235256897
1049	0.462666502769623
1050	0.4871897817728749
1051	0.5141147322173153
1052	0.5504291528384228
1053	0.6012222170129895
1054	0.5973494684387739
1055	0.6363831831184344
1056	0.6185993490600249
1057	0.6618491903163741
1058	0.622558154723108
1059	0.6006666473383081
1060	0.6522464717779101
1061	0.6718473400558176
1062	0.6758869968506132
1063	0.7103461042335724
1064	0.755070266764717
1065	0.7649381701444118
1066	0.7482709975794511
1067	0.7500974257602144
1068	0.8011533851883735
1069	0.8082143055954131
1070	0.8207014862992821
1071	0.8153545557841289
1072	0.7739975528359918
1073	0.7678222143944772
1074	0.7264299605974426
1075	0.6904286162500775
1076	0.7142608687066814
1077	0.703711476244291
1078	0.7549077029285027
1079	0.7492425643525548
1080	0.71108203509997
1081	0.6793665573679417
1082	0.6956939378431954
1083	0.6709544233518151
1084	0.655107413164877
1085	0.6039021911605513
1086	0.5791107316768193
1087	0.5681160558708878
1088	0.5267796893343075
1089	0.5221594545667283
1090	0.4610608414999118
1091	0.4484908759488122
1092	0.49945608722028967
1093	0.45943861645145656
1094	0.46964111153233024
1095	0.5147853620400539
1096	0.534758809584416
1097	0.4937581419598243
1098	0.47235378176896703
1099	0.5039972323739044
1100	0.4972775525501024
1101	0.5462202600244472
1102	0.5609267957485928
1103	0.5994232135744455
1104	0.5852437822349889
1105	0.5993583916891096
1106	0.6368303368914123
1107	0.6714746929822145
1108	0.6922180641619854
1109	0.7050859260786861
1110	0.7575379030588943
1111	0.762494425088008
1112	0.7084968434842351
1113	0.7601227724274247
1114	0.7812417302094005
1115	0.7712939673674902
1116	0.7536455401552585
1117	0.8259376888352128
1118	0.800778437229672
1119	0.792778437229672
1120	0.7878915988315592
1121	0.8009582562898296
1122	0.7988223664894327
1123	0.7891395330713961
1124	0.7867945551034496
1125	0.7726799456493288
1126	0.7778219940126287
1127	0.7335940617730999
1128	0.7310030069531497
1129	0.6923403873890386
1130	0.716862963923837
1131	0.6849746167354003
1132	0.7451280563423075
1133	0.6975045927659891
1134	0.724435557205881
1135	0.7095800737492715
1136	0.7241009603386113
1137	0.6733820125912159
1138	0.6566347882492813
1139	0.6749048826048936
1140	0.6588355798895754
1141	0.6089408244110808
1142	0.5857227341088616
1143	0.6295571475317165
1144	0.6694666174446365
1145	0.7232449659015114
1146	0.7068377529033731
1147	0.6965874668077953
1148	0.7175827768862758
1149	0.7449958082225706
1150	0.7024350529725283
1151	0.6953630258454373
1152	0.6878909012455665
1153	0.7093206019921238
1154	0.6995792196449553
1155	0.6721661883086606
1156	0.6952511589488746
1157	0.6839021134342358
1158	0.710370156698604
1159	0.750465059463915
1160	0.7808845100520785
1161	0.7830897484537556
1162	0.7854847650162975
1163	0.7101892014211388
1164	0.6961948868156107
1165	0.6702884476101353
1166	0.6237146297726217
1167	0.6485278415827417
1168	0.6107576588955222
1169	0.5833446275592274
1170	0.581816068231474
1171	0.5888880953585651
1172	0.5362067803515287
1173	0.5035267935093936
1174	0.49560709028718025
1175	0.49560709028718025
1176	0.4606895424113076
1177	0.48040173501439476
1178	0.45797334854482213
1179	0.42948232424647925
1180	0.42522014644705
1181	0.4623059436386391
1182	0.494520702008831
1183	0.5205908851302208
1184	0.5083000871399285
1185	0.480428177888529
1186	0.48850020501562
1187	0.4978834808713134
1188	0.49385847135574384
1189	0.5404322891932575
1190	0.5398943060603216
1191	0.5368619357280261
1192	0.5776244736660361
1193	0.6294858944240238
1194	0.6264186759359337
1195	0.6264186759359337
1196	0.6136423965088363
1197	0.5907486308148588
1198	0.6266831630069303
1199	0.5852208459122092
1200	0.6257545330704055
1201	0.5904735561160349
1202	0.6003289321004687
1203	0.5921825197602144
1204	0.6131456211622192
1205	0.6738899569792807
1206	0.6921012629746668
1207	0.6701997854518118
1208	0.6728473512162996
1209	0.6383881428329067
1210	0.6157604799202103
1211	0.6421837871967645
1212	0.5973815924639589
1213	0.5424878013736758
1214	0.5186438363216959
1215	0.5323810020247348
1216	0.5286442884723451
1217	0.5232492719098032
1218	0.4903471100500272
1219	0.5290915881672573
1220	0.46808056431710987
1221	0.482324074018352
1222	0.45440174134209943
1223	0.46254815368235375
1224	0.4085505720785808
1225	0.35587826338861045
1226	0.36522360335397214
1227	0.34485656608392284
1228	0.34485656608392284
1229	0.35773775453802853
1230	0.3853451552672247
1231	0.39960000736874474
1232	0.43666400064636984
1233	0.4423439367431531
1234	0.45630119306496875
1235	0.4788582323168263
1236	0.46248598635910243
1237	0.4527663934675236
1238	0.4456943663404326
1239	0.41880057303201035
1240	0.4131206369352271
1241	0.4188488638853369
1242	0.453303160918934
1243	0.4666748192357155
1244	0.4777497718950407
1245	0.5163811475367243
1246	0.5406549829662299
1247	0.5847195279277646
1248	0.6068105019048148
1249	0.5939293134507091
1250	0.5923431563649009
1251	0.5637500082850474
1252	0.605902465069392
1253	0.6144790547228244
1254	0.589046888609396
1255	0.6065860781405278
1256	0.6336454982944286
1257	0.6530177442521524
1258	0.6667549099551915
1259	0.6418491188135873
1260	0.6499240714729125
1261	0.6565782682117687
1262	0.6119862281386939
1263	0.6210130847141446
1264	0.6494910338465107
1265	0.6262374107572002
1266	0.6042344615987838
1267	0.6057411226040225
1268	0.5900552238284098
1269	0.5850126415013801
1270	0.5755342160989072
1271	0.5755342160989072
1272	0.5390592203693677
1273	0.5278350649514476
1274	0.5205872442227408
1275	0.5100405509083906
1276	0.5291453526199082
1277	0.51381276345698
1278	0.5000755977539411
1279	0.5041006072695106
1280	0.49905802494248086
1281	0.48210218110666697
1282	0.4730495401407418
1283	0.4740745494325149
1284	0.4487781733910393
1285	0.45821873426906157
1286	0.48541939908502785
1287	0.44956778600983327
1288	0.48001938615901923
1289	0.4729473590319282
1290	0.4537569750265253
1291	0.4497469163876298
1292	0.4387209397872279
1293	0.45952082191153637
1294	0.48120680408868644
1295	0.5027506330196808
1296	0.5048263885795168
1297	0.5169113998777374
1298	0.5461450778044367
1299	0.5802297877548244
1300	0.6144950792523642
1301	0.6414011102585938
1302	0.6343290831315028
1303	0.5960595312440279
1304	0.6133920217868556
1305	0.6306170131342512
1306	0.6262637450266008
1307	0.6586630502185338
1308	0.6399586912277311
1309	0.6892494430866771
1310	0.6918970088511649
1311	0.7016058902502492
1312	0.7038942648046349
1313	0.7255176561337283
1314	0.7078566834721477
1315	0.6680219512777017
1316	0.6904177065873275
1317	0.7189517114132041
1318	0.7624323531862287
1319	0.7508509811107938
1320	0.7296226219962765
1321	0.7264171339231293
1322	0.74053174337725
1323	0.7804815781944617
1324	0.7826270498008528
1325	0.7661120924135842
1326	0.7358571515821604
1327	0.7178472130087621
1328	0.7162586368798398
1329	0.6710075418156893
1330	0.6820376386329161
1331	0.6723287572338317
1332	0.6861702617431793
1333	0.7052152768528586
1334	0.6941182402101981
1335	0.697426974953709
1336	0.6308308990136243
1337	0.6165872185097211
1338	0.5438728988099972
1339	0.5310222140011893
1340	0.5343630341705398
1341	0.526994938494892
1342	0.5621710808997172
1343	0.5534044395985973
1344	0.5339526081270362
1345	0.5100718265010016
1346	0.4906768479078421
1347	0.49065604175742406
1348	0.4781098743379859
1349	0.5526936944733439
1350	0.5319440047645384
1351	0.5655757139494041
1352	0.5460348898053798
1353	0.49760353362532134
1354	0.49760353362532134
1355	0.4856712469313077
1356	0.5365043888688016
1357	0.5252165299136993
1358	0.5662679705345264
1359	0.6007556200128313
1360	0.5773058403333673
1361	0.5555456726985716
1362	0.5366230986338839
1363	0.5163556631549239
1364	0.5020730067270505
1365	0.4923534138354717
1366	0.48529603398760673
1367	0.49700182292074835
1368	0.4832646572177094
1369	0.4157382169302163
1370	0.4364879066390218
1371	0.433514128528042
1372	0.4496044284645856
1373	0.461842724758747
1374	0.49382054302744216
1375	0.4855203241968093
1376	0.44276213491864064
1377	0.42767465825354894
1378	0.43712607687324334
1379	0.42375651755310517
1380	0.46338159055144146
1381	0.49493530163405897
1382	0.4766641604824612
1383	0.49013278107000646
1384	0.5417964755955129
1385	0.6201915820788504
1386	0.6716046839022796
1387	0.6551829875671661
1388	0.6755500248372155
1389	0.7051415920240781
1390	0.717289795832084
1391	0.7243873347324644
1392	0.7049883000524099
1393	0.6797130713752257
1394	0.6548072802336217
1395	0.6701850327859946
1396	0.7022796093208334
1397	0.7395772711506687
1398	0.6961464390372382
1399	0.717902236761631
1400	0.7000216447844257
1401	0.6891523370525862
1402	0.7234313266139175
1403	0.6807507654442294
1404	0.6321194412510185
1405	0.5787201326759075
1406	0.5612757492057809
1407	0.5723955184838772
1408	0.5861484283959261
1409	0.5551794174579816
1410	0.5263211807359658
1411	0.4835231284346698
1412	0.5012078916961314
1413	0.5230868089352304
1414	0.5303346296639372
1415	0.5629421547115335
1416	0.5410161860054861
1417	0.5483646728479684
1418	0.5483646728479684
1419	0.5462206737224697
1420	0.5523324268769563
1421	0.5233955957102497
1422	0.5468798590325628
1423	0.5630045271255789
1424	0.5656520928900667
1425	0.5912720089339372
1426	0.5733907672457261
1427	0.5428987520099062
1428	0.5703805192750697
1429	0.6019982450081218
1430	0.6296740659453546
1431	0.6369218866740614
1432	0.6590025980811826
1433	0.6757694698878622
1434	0.6685216491591555
1435	0.6714807638733542
1436	0.6809130243224705
1437	0.6771365325920323
1438	0.6771365325920323
1439	0.6686549730493571
1440	0.6545359045767786
1441	0.6907399839251385
1442	0.6376269187407682
1443	0.6650948092342388
1444	0.678824996022124
1445	0.6504924993529391
1446	0.6582372751444512
1447	0.6693343117871118
1448	0.6462657746392448
1449	0.6447567149912337
1450	0.6654421419649984
1451	0.6888964388034307
1452	0.6506032094909897
1453	0.671313025499013
1454	0.7292145269117845
1455	0.7164390427191768
1456	0.7166214585039599
1457	0.6757518015620805
1458	0.7280957574468665
1459	0.6821697656507661
1460	0.6918823796271912
1461	0.7064308905366202
1462	0.7034208318977246
1463	0.6832780529907019
1464	0.6927135122484489
1465	0.6704302949655369
1466	0.646598042508933
1467	0.6910396660926089
1468	0.6858601388254332
1469	0.6796919847616396
1470	0.6434157481488627
1471	0.6153611963462116
1472	0.6310203579866884
1473	0.6016567190834206
1474	0.5574328802523635
1475	0.5255117928595098
1476	0.4936138993426984
1477	0.5016888520020235
1478	0.5012865011447405
1479	0.5315414676384245
1480	0.5202062974130811
1481	0.4892369912179829
1482	0.4898196733707417
1483	0.4663698936912777
1484	0.4692785970469039
1485	0.47331825384169945
1486	0.5115125840104059
1487	0.47634096105411877
1488	0.4926371743354469
1489	0.48639010075891553
1490	0.48238004212002006
1491	0.484775058682562
1492	0.44264785377771687
1493	0.42903364017955586
1494	0.4455377350328595
1495	0.46158606497132004
1496	0.5131807629089601
1497	0.5254202254627895
1498	0.46640659330819556
1499	0.44339944754321836
1500	0.49335017036402684
1501	0.5063615905838905
1502	0.5138652335812978
1503	0.5613980315214255
1504	0.5762776686642579
1505	0.5803100389965533
1506	0.5963617706484945
1507	0.5759947333784452
1508	0.534416897191989
1509	0.5685016889576058
1510	0.570124245206524
1511	0.5580096357524034
1512	0.6026683086712963
1513	0.6111164225086436
1514	0.6117621973054626
1515	0.6249865780976911
1516	0.6075118273421493
1517	0.5871974121289946
1518	0.6637669835129928
1519	0.6782051449614361
1520	0.6568252629077879
1521	0.6199879762982039
1522	0.6534545300835772
1523	0.6290436569156623
1524	0.6006532947629047
1525	0.6259349176680328
1526	0.5787462356952501
1527	0.6028551952053637
1528	0.6091030159340705
1529	0.5940286777839702
1530	0.6583946117084191
1531	0.6583946117084191
1532	0.6723647426678808
1533	0.670881841566059
1534	0.6808276390028924
1535	0.692794950883701
1536	0.7281625380994734
1537	0.7281625380994734
1538	0.7064657654477646
1539	0.6938324242365397
1540	0.7098939748799563
1541	0.742764737766797
1542	0.6874746931282184
1543	0.6643527683560057
1544	0.6461092078678892
1545	0.6533194640586266
1546	0.6725906052102244
1547	0.6648538916578347
1548	0.6626486532561576
1549	0.6202648250991419
1550	0.5832131660924812
1551	0.6484986695733201
1552	0.6642600942430488
1553	0.6868975183285069
1554	0.6430918183275408
1555	0.6228146090219899
1556	0.5792828967305698
1557	0.5752432399357742
1558	0.5508334052748345
1559	0.6051512907850816
1560	0.5621414556234228
1561	0.5333132750636119
1562	0.5454278845177327
1563	0.5715368440278463
1564	0.586624320692938
1565	0.6086778120003933
1566	0.6196207942845764
1567	0.607288205121648
1568	0.6586108949199774
1569	0.6545712381251818
1570	0.6669709381274089
1571	0.6154226003496089
1572	0.5712293013850556
1573	0.5302914943387285
1574	0.5736708699688562
1575	0.5715304190555925
1576	0.561946842906866
1577	0.5992320187198954
1578	0.5687690546485458
1579	0.5312641842390804
1580	0.5666228039808223
1581	0.5738804404844254
1582	0.5852156107097687
1583	0.5782337846595423
1584	0.5883185917817978
1585	0.5877209015802088
1586	0.5627819874594913
1587	0.5770385132097069
1588	0.5136012139572569
1589	0.5257158234113776
1590	0.5020226920925644
1591	0.49800511928110425
1592	0.49868534586317503
1593	0.5194559753462653
1594	0.48577410862438103
1595	0.492207713295822
1596	0.5008312652463246
1597	0.4852905704544262
1598	0.5036128836770951
1599	0.4889713830283083
1600	0.4602426348535767
1601	0.5074542918992226
1602	0.5129554565859487
1603	0.534392229349018
1604	0.514899881658454
1605	0.469252420287355
1606	0.4528801743296311
1607	0.4718691675976494
1608	0.4856063333006884
1609	0.5105658608431314
1610	0.5155486880738571
1611	0.5058290951822783
1612	0.48927178687247536
1613	0.504431176649992
1614	0.5480145987777871
1615	0.5635525708002147
1616	0.5729705711569527
1617	0.5746758698152857
1618	0.5700907222956558
1619	0.5888686767472083
1620	0.6091902433066821
1621	0.5547209497574331
1622	0.5298096621860388
1623	0.514508167095576
1624	0.5495399900987235
1625	0.5610736335123951
1626	0.6220356687442375
1627	0.5958475295738687
1628	0.655677443602217
1629	0.6226429634004489
1630	0.587902126865482
1631	0.5919417836602776
1632	0.609969191608755
1633	0.6098266640053422
1634	0.5808106088262456
1635	0.5679308088473982
1636	0.5375566673772293
1637	0.5252039243404258
1638	0.5114667586373869
1639	0.4743926216408232
1640	0.43370401781129997
1641	0.43130900124875804
1642	0.4738431622914761
1643	0.48365432415317705
1644	0.4964922159958232
1645	0.47830591951600654
1646	0.4270634771757429
1647	0.4200060973278779
1648	0.3905035625580252
1649	0.4285371375736385
1650	0.5028837658012325
1651	0.49884410900643694
1652	0.4914926511103882
1653	0.4725414943652632
1654	0.510064062657841
1655	0.49378589780078935
1656	0.4897462410059938
1657	0.4826888611581288
1658	0.4924084540497076
1659	0.4924084540497076
1660	0.5344816858601165
1661	0.5634247125326488
1662	0.5376005844039408
1663	0.5065666682045414
1664	0.46271452617020803
1665	0.4570345900734248
1666	0.5113136983307487
1667	0.5337420848003214
1668	0.5643721834165141
1669	0.5675180244923299
1670	0.5092960643577522
1671	0.5492732529911878
1672	0.577326930505858
1673	0.5775879267218108
1674	0.5117608257774956
1675	0.4928770307981362
1676	0.5207332649737537
1677	0.5445655174303576
1678	0.550970592631795
1679	0.5550102494265906
1680	0.5433520100311714
1681	0.516803999921181
1682	0.5223376433348526
1683	0.5732357472789678
1684	0.5996071191103113
1685	0.615934499585565
1686	0.5702319809816735
1687	0.5850649547376784
1688	0.564959807424699
1689	0.5709295133358786
1690	0.5837557896090524
1691	0.596700780420645
1692	0.5587659144518691
1693	0.5600459891055463
1694	0.5929312280427573
1695	0.597973810369787
1696	0.6119853560611418
1697	0.6091092447179688
1698	0.6234765918607725
1699	0.653440787352391
1700	0.6464755746168654
1701	0.6883036726370895
1702	0.6620203395146123
1703	0.6141546059027927
1704	0.6109224091794376
1705	0.6048752197651861
1706	0.6344243940159365
1707	0.6328088272168444
1708	0.6040140885995069
1709	0.5665624755051415
1710	0.5716153834253656
1711	0.5825857207947408
1712	0.5973982002412757
1713	0.6171652140350843
1714	0.6585812092821193
1715	0.6862186137972247
1716	0.6739960619899023
1717	0.6673225773043447
1718	0.6535777864104593
1719	0.6276459612511363
1720	0.6041961815716722
1721	0.6153876335601021
1722	0.6559166657564957
1723	0.6671408211744158
1724	0.6793602658081692
1725	0.7063777365770023
1726	0.6974161633735455
1727	0.7052829961812709
1728	0.7134920908202744
1729	0.7165021494591699
1730	0.7142137749047842
1731	0.6644358675445016
1732	0.6528049611888571
1733	0.6559808704625752
1734	0.5978043043713455
1735	0.6107582315895999
1736	0.6089849127813494
1737	0.6198745401408232
1738	0.6031273157988888
1739	0.6200510865800242
1740	0.6504660789950137
1741	0.5934039466593302
1742	0.5852221702672118
1743	0.5709656445169962
1744	0.5751367332018545
1745	0.5812228995290348
1746	0.586733948525011
1747	0.5592906250061184
1748	0.5252867727197044
1749	0.5249117943354936
1750	0.49723597339826087
1751	0.5372097757583698
1752	0.5811762298849926
1753	0.5675695505582654
1754	0.6045428042220367
1755	0.5907972373500839
1756	0.6026773420679106
1757	0.5999334447501361
1758	0.6039731015449317
1759	0.6208450835036775
1760	0.5904300910886879
1761	0.6064462173212924
1762	0.5781386183118129
1763	0.5838185544085961
1764	0.5345913370737525
1765	0.5253735548496427
1766	0.49930103548403054
1767	0.5400819165538466
1768	0.5640086120756602
1769	0.5786590379286679
1770	0.5816914082609633
1771	0.5387000330893942
1772	0.5137643900385352
1773	0.4882559789177134
1774	0.4747338720808475
1775	0.4781244475207479
1776	0.48276726613980275
1777	0.511343402721586
1778	0.574930638207845
1779	0.5882077384913112
1780	0.6328664114102042
1781	0.6087782580505086
1782	0.6304701170147449
1783	0.6374977484651005
1784	0.6431776845618838
1785	0.6200865912883031
1786	0.6771193933025004
1787	0.6602940976841052
1788	0.6404070589570872
1789	0.6688884254255075
1790	0.6801387115210854
1791	0.7120142545587121
1792	0.7025591701893366
1793	0.7200498892021677
1794	0.6968463202399698
1795	0.6666099799386626
1796	0.6359523130534205
1797	0.6010170927173828
1798	0.5950238478575522
1799	0.5843290034922265
1800	0.5437099873681291
1801	0.5574471530711682
1802	0.5660597750020877
1803	0.568684796617877
1804	0.5750898718193145
1805	0.5763475083229175
1806	0.5131070025401722
1807	0.5051064508562626
1808	0.5400271683769947
1809	0.5175972670944066
1810	0.5451594820293437
1811	0.5719507924504648
1812	0.5440788831990654
1813	0.5606973464056646
1814	0.6004839228932616
1815	0.5883693134391408
1816	0.5746321477361018
1817	0.5545231882259882
1818	0.4928895408047641
1819	0.4484395050196513
1820	0.45871969608065355
1821	0.47669800810964286
1822	0.4423538704196914
1823	0.4430905839720813
1824	0.42696591587906507
1825	0.4105936699213412
1826	0.3984790604672205
1827	0.36241506718959543
1828	0.33777454072986557
1829	0.3311924189691219
1830	0.28530789081151575
1831	0.2155440007101074
1832	0.2155440007101074
1833	0.1671149706348793
1834	0.11095614818955846
1835	0.11095614818955846
1836	0.11095614818955846
1837	0.12307075764367921
1838	0.12307075764367921
1839	0.13739060549947701
1840	0.12307075764367921
1841	0.0913552799116509
1842	0.0913552799116509
1843	0.07124632040153725
1844	0.08556616825733507
1845	0.09363819538442611
1846	0.09363819538442611
1847	0.11708797506389017
1848	0.10276812720809236
1849	0.07227611197227235
1850	0.07227611197227235
1851	0.10627996425868633
1852	0.10627996425868633
1853	0.10627996425868633
1854	0.15751780086129386
1855	0.19152165314770783
1856	0.19152165314770783
1857	0.1864790708206781
1858	0.1864790708206781
1859	0.17619887975967588
1860	0.17619887975967588
1861	0.19051872761547367
1862	0.19051872761547367
1863	0.24049771487952937
1864	0.26018171931014555
1865	0.25210969218305446
1866	0.2642243016371752
1867	0.24077452195771115
1868	0.24784654908480216
1869	0.25756614197638095
1870	0.25756614197638095
1871	0.223562289689967
1872	0.24855808759819337
1873	0.24855808759819337
1874	0.19732025099558587
1875	0.1794410668021881
1876	0.1794410668021881
1877	0.1794410668021881
1878	0.18651309392927912
1879	0.18651309392927912
1880	0.18651309392927912
1881	0.17219324607348133
1882	0.19048942861849247
1883	0.14051044135443677
1884	0.11862119852214355
1885	0.12569322564923457
1886	0.11357861619511382
1887	0.1764683187159153
1888	0.19770082424056168
1889	0.18798123134898287
1890	0.24784776389797436
1891	0.2518874206927699
1892	0.22689162278454353
1893	0.22689162278454353
1894	0.2502456947924937
1895	0.23412102669947749
1896	0.2575708063789416
1897	0.2723222701050557
1898	0.26928989977276024
1899	0.2652502429779647
1900	0.3086863052949349
1901	0.3086863052949349
1902	0.2974621498770148
1903	0.3192856407302199
1904	0.3112106880708948
1905	0.30817831773859933
1906	0.30817831773859933
1907	0.24528861521779782
1908	0.21698408256606042
1909	0.26368748533483494
1910	0.22019319874356724
1911	0.21615354194877168
1912	0.23444972449378282
1913	0.24656433394790356
1914	0.22724991873474892
1915	0.22724991873474892
1916	0.20380013905528488
1917	0.20697244611030613
1918	0.20293278931551056
1919	0.20293278931551056
1920	0.2062001297673149
1921	0.2062001297673149
1922	0.19912810264022385
1923	0.22169944437529976
1924	0.22169944437529976
1925	0.2176597875805042
1926	0.2176597875805042
1927	0.2176597875805042
1928	0.2176597875805042
1929	0.17095638481172964
1930	0.15458413885400585
1931	0.15458413885400585
1932	0.14840256576311545
1933	0.13628795630899468
1934	0.13932032664129015
1935	0.13932032664129015
1936	0.13932032664129015
1937	0.11432452873306376
1938	0.15537596935389095
1939	0.16509556224546978
1940	0.11839215947669524
1941	0.11839215947669524
1942	0.11839215947669524
1943	0.0739973268884142
1944	0.118197647518873
1945	0.14606955677027247
1946	0.15010921356506804
1947	0.16384637926810702
1948	0.1678860360629026
1949	0.1678860360629026
1950	0.1678860360629026
1951	0.1678860360629026
1952	0.15577142660878185
1953	0.174067609153793
1954	0.174067609153793
1955	0.174067609153793
1956	0.174067609153793
1957	0.19417656866390665
1958	0.15312512804307946
1959	0.15977778110922444
1960	0.15977778110922444
1961	0.1780739636542356
1962	0.18514599078132662
1963	0.18514599078132662
1964	0.13690601335607228
1965	0.1227712698077118
1966	0.11873161301291624
1967	0.11471404020145606
1968	0.11471404020145606
1969	0.1268286496555768
1970	0.13086830645037237
1971	0.1531515237332844
1972	0.1531515237332844
1973	0.1388949979830688
1974	0.13182297085597777
1975	0.13586262765077334
1976	0.14558222054235218
1977	0.15718873876426684
1978	0.15718873876426684
1979	0.1658122907147694
1980	0.1658122907147694
1981	0.14751610816975827
1982	0.14044408104266723
1983	0.14044408104266723
1984	0.14044408104266723
1985	0.12670691533962825
1986	0.12670691533962825
1987	0.11698732244804941
1988	0.11698732244804941
1989	0.10891236978872423
1990	0.10487271299392867
1991	0.08258949571101663
1992	0.08258949571101663
1993	0.08662186604331211
1994	0.08662186604331211
1995	0.1145600275172117
1996	0.10484043462563289
1997	0.08119698402069561
1998	0.08119698402069561
1999	0.0562011861124692
2000	0.06327321323956023
2001	0.08156939578457138
2002	0.08156939578457138
2003	0.08156939578457138
2004	0.08560905257936693
2005	0.11610106781518696
2006	0.11610106781518696
2007	0.14109686572341334
2008	0.1534294548863416
2009	0.16370964594734386
2010	0.16370964594734386
2011	0.16370964594734386
2012	0.16370964594734386
2013	0.15563761882025282
2014	0.15563761882025282
2015	0.12365980055155767
2016	0.12365980055155767
2017	0.11558777342446665
2018	0.11558777342446665
2019	0.13070238287858738
2020	0.12363035575149635
2021	0.11744878266060595
2022	0.11744878266060595
2023	0.11744878266060595
2024	0.11340912586581038
2025	0.08695676742478592
2026	0.10127661528058374
2027	0.07628081737235734
2028	0.08586439352108388
2029	0.07154454566528608
2030	0.09165350517539972
2031	0.09165350517539972
2032	0.09165350517539972
2033	0.09165350517539972
2034	0.09165350517539972
2035	0.09569316197019527
2036	0.09973281876499082
2037	0.11610506472271465
2038	0.11610506472271465
2039	0.12444023494805798
2040	0.12847989174285354
2041	0.1163652822887328
2042	0.1163652822887328
2043	0.13864849957164482
2044	0.13864849957164482
2045	0.13460884277684926
2046	0.13666124087877526
2047	0.14070089767357083
2048	0.11474507556712048
2049	0.13809914757507064
2050	0.11799018806495701
2051	0.11799018806495701
2052	0.1323100359207548
2053	0.13634969271555036
2054	0.1434217198426414
2055	0.14745409017493688
2056	0.14341443338014132
2057	0.1270421874224175
2058	0.1270421874224175
2059	0.10359240774295342
2060	0.10762477807524891
2061	0.10762477807524891
2062	0.11166443487004447
2063	0.08938121758713244
2064	0.11120470844033759
2065	0.11120470844033759
2066	0.11312864502762492
2067	0.11312864502762492
2068	0.12284823791920374
2069	0.10656619303834461
2070	0.10656619303834461
2071	0.12838968389154976
2072	0.11406983603575194
2073	0.11003017924095637
2074	0.11003017924095637
2075	0.12695395002209173
2076	0.1309936068168873
2077	0.1309936068168873
2078	0.14071319970846613
2079	0.15043279260004494
2080	0.1763646177593679
2081	0.1763646177593679
2082	0.17232496096457234
2083	0.17232496096457234
2084	0.1575734972384582
2085	0.16729309013003704
2086	0.14899690758502587
2087	0.1449572507902303
2088	0.13927731469344706
2089	0.19469653390447603
2090	0.19469653390447603
2091	0.17691269984606645
2092	0.17691269984606645
2093	0.17691269984606645
2094	0.16984067271897543
2095	0.1488845316055446
2096	0.15191690193784008
2097	0.17528393920788937
2098	0.19477628689845333
2099	0.18505669400687452
2100	0.1550924985152561
2101	0.17854227819472018
2102	0.17854227819472018
2103	0.19528950253665464
2104	0.21230562876925915
2105	0.20258603587768037
2106	0.2106580630047714
2107	0.2106580630047714
2108	0.2106580630047714
2109	0.1664891298893203
2110	0.1664891298893203
2111	0.16244947309452473
2112	0.16244947309452473
2113	0.16244947309452473
2114	0.16244947309452473
2115	0.15840981629972917
2116	0.15133778917263813
2117	0.17773967384360012
2118	0.14852773326145732
2119	0.14852773326145732
2120	0.14852773326145732
2121	0.17312258229672098
2122	0.17312258229672098
2123	0.1563753579547865
2124	0.13228720459509094
2125	0.14200679748666975
2126	0.19705250357362578
2127	0.19705250357362578
2128	0.20108487390592128
2129	0.1827625606832524
2130	0.18680221747804795
2131	0.19084187427284352
2132	0.20056146716442233
2133	0.20056146716442233
2134	0.20056146716442233
2135	0.24522014008331516
2136	0.27021593799154153
2137	0.22044701605053024
2138	0.23957414951041756
2139	0.23957414951041756
2140	0.23957414951041756
2141	0.19152952079568983
2142	0.19860154792278087
2143	0.216897730467792
2144	0.216897730467792
2145	0.21525016470330427
2146	0.1561720882840528
2147	0.17049193613985061
2148	0.1721395019043384
2149	0.1721395019043384
2150	0.1721395019043384
2151	0.17781943800112165
2152	0.17781943800112165
2153	0.17781943800112165
2154	0.17781943800112165
2155	0.1331607650822288
2156	0.13737690775614522
2157	0.13737690775614522
2158	0.14996525202828623
2159	0.14996525202828623
2160	0.14592559523349066
2161	0.1905842681523835
2162	0.18755189782008802
2163	0.18757802849774577
2164	0.18757802849774577
2165	0.1916206108247755
2166	0.1916206108247755
2167	0.17730076296897768
2168	0.16758117007739887
2169	0.23257840260398083
2170	0.22853874580918526
2171	0.22285880971240202
2172	0.2131392168208232
2173	0.2131392168208232
2174	0.2131392168208232
2175	0.2131392168208232
2176	0.1839272762386804
2177	0.1839272762386804
2178	0.1522117985066521
2179	0.15928382563374313
2180	0.1633234824285387
2181	0.11866480950964586
2182	0.1146251527148503
2183	0.09630283949218141
2184	0.10602243238376023
2185	0.10097985005673053
2186	0.10401222038902602
2187	0.13029555351150318
2188	0.13029555351150318
2189	0.06529832098492121
2190	0.09317023023632068
2191	0.10124518289564585
2192	0.10124518289564585
2193	0.1265075940281398
2194	0.13054725082293536
2195	0.13054725082293536
2196	0.15554304873116176
2197	0.15554304873116176
2198	0.15958270552595732
2199	0.17897872166323453
2200	0.17493906486843896
2201	0.17897872166323453
2202	0.17897872166323453
2203	0.1830183784580301
2204	0.17329878556645126
2205	0.17834136789348098
2206	0.17126934076638994
2207	0.1449860076439128
2208	0.1449860076439128
2209	0.1449860076439128
2210	0.11711409839251334
2211	0.12112415703140882
2212	0.13323876648552957
2213	0.10797635535303562
2214	0.10797635535303562
2215	0.10797635535303562
2216	0.08298055744480923
2217	0.08298055744480923
2218	0.07894090065001366
2219	0.05954488451273647
2220	0.06358454130753202
2221	0.05954488451273647
2222	0.05954488451273647
2223	0.05550522771794092
2224	0.05550522771794092
2225	0.04339061826382018
2226	0.05311021115539899
2227	0.05311021115539899
2228	0.08098212040679845
2229	0.08098212040679845
2230	0.08098212040679845
2231	0.06485745231378223
2232	0.052742842859661486
2233	0.056782499654457044
2234	0.052742842859661486
2235	0.052742842859661486
2236	0.07103902540467263
2237	0.0750786821994682
2238	0.08617571884212874
2239	0.0791036917150377
2240	0.08213606204733317
2241	0.12109643636286087
2242	0.12109643636286087
2243	0.12109643636286087
2244	0.16631550924908556
2245	0.19278355251345378
2246	0.18306395962187497
2247	0.18710361641667053
2248	0.16327136396006664
2249	0.16327136396006664
2250	0.1673110207548622
2251	0.1673110207548622
2252	0.21903882430476945
2253	0.22471876040155267
2254	0.22471876040155267
2255	0.22875841719634823
2256	0.2104622346513371
2257	0.24985864017351175
2258	0.255133849488575
2259	0.255133849488575
2260	0.24806182236148397
2261	0.20910144804595632
2262	0.21314110484075188
2263	0.2228606977323307
2264	0.20263742275433239
2265	0.18588897238154298
2266	0.2123570156459112
2267	0.20831735885111563
2268	0.2243866615664337
2269	0.25610213929846204
2270	0.2520624825036665
2271	0.2520624825036665
2272	0.2326819347580343
2273	0.22296234186645553
2274	0.26503557367686426
2275	0.2609959168820687
2276	0.2609959168820687
2277	0.21755985456509846
2278	0.20118760860737467
2279	0.20118760860737467
2280	0.22463738828683874
2281	0.22463738828683874
2282	0.22463738828683874
2283	0.21895745219005552
2284	0.1980013110766247
2285	0.19232137497984142
2286	0.1826005560574077
2287	0.18664021285220325
2288	0.1665312533420896
2289	0.13481577561006128
2290	0.13481577561006128
2291	0.13481577561006128
2292	0.10650817660058172
2293	0.11622776949216054
2294	0.07415453768175176
2295	0.07819419447654731
2296	0.07819419447654731
2297	0.07819419447654731
2298	0.07819419447654731
2299	0.07819419447654731
2300	0.08655498166571218
2301	0.09059463846050773
2302	0.08655498166571218
2303	0.08251532487091663
2304	0.14069441383163964
2305	0.14069441383163964
2306	0.12394718948970515
2307	0.1699129134059985
2308	0.1699129134059985
2309	0.1699129134059985
2310	0.1842327612617963
2311	0.1842327612617963
2312	0.21190858219902906
2313	0.2222979488175639
2314	0.22936997594465494
2315	0.2324023462769504
2316	0.2324023462769504
2317	0.2324023462769504
2318	0.2324023462769504
2319	0.2324023462769504
2320	0.20059177940832149
2321	0.20627171550510473
2322	0.2103113722999003
2323	0.2103113722999003
2324	0.14809262654438174
2325	0.15515000639224671
2326	0.15515000639224671
2327	0.10514462568115782
2328	0.1380298646183688
2329	0.1380298646183688
2330	0.12371001676257098
2331	0.12371001676257098
2332	0.0990665661576337
2333	0.07895760664752006
2334	0.07592523631522459
2335	0.11872328861652055
2336	0.11872328861652055
2337	0.11872328861652055
2338	0.12276294541131612
2339	0.12276294541131612
2340	0.13248253830289494
2341	0.1524081734709659
2342	0.1554405438032614
2343	0.22822440556780857
2344	0.23794399845938735
2345	0.2268469618167268
2346	0.25579790618291687
2347	0.25579790618291687
2348	0.22291266724570588
2349	0.2507689014213234
2350	0.2507689014213234
2351	0.2604884943129022
2352	0.2534164671858112
2353	0.2534164671858112
2354	0.2493768103910156
2355	0.19950673096262866
2356	0.19950673096262866
2357	0.19950673096262866
2358	0.2075816836219538
2359	0.2075816836219538
2360	0.20190174752517054
2361	0.19262355673557002
2362	0.185551529608479
2363	0.1127676678439318
2364	0.10304807495235298
2365	0.10304807495235298
2366	0.07409713058616295
2367	0.1019690398375624
2368	0.10600869663235797
2369	0.09026707191086118
2370	0.09430672870565673
2371	0.08458713581407792
2372	0.08862679260887349
2373	0.10692297515388464
2374	0.10692297515388464
2375	0.13980821409109562
2376	0.13980821409109562
2377	0.14384787088589118
2378	0.135772918226566
2379	0.13981257502136157
2380	0.135772918226566
2381	0.11540588095651669
2382	0.11540588095651669
2383	0.11944553775131225
2384	0.11944553775131225
2385	0.11944553775131225
2386	0.11944553775131225
2387	0.0915736284999128
2388	0.08753397170511724
2389	0.07945901904579206
2390	0.09371554479600766
2391	0.09371554479600766
2392	0.0896758880012121
2393	0.07137970545620094
2394	0.08349431491032168
2395	0.050609075973110706
2396	0.050609075973110706
2397	0.04656941917831515
2398	0.04252976238351959
2399	0.038490105588724025
2400	0.0642848632361345
2401	0.0642848632361345
2402	0.06832452003093005
2403	0.0642848632361345
2404	0.0642848632361345
2405	0.0642848632361345
2406	0.0786047110919323
2407	0.0786047110919323
2408	0.09292455894773011
2409	0.09595692928002558
2410	0.07766074673501441
2411	0.12043328726302097
2412	0.12447294405781653
2413	0.12447294405781653
2414	0.11639799139849134
2415	0.19149485355454227
2416	0.20121444644612105
2417	0.2452789914076557
2418	0.2616512373653795
2419	0.2616512373653795
2420	0.23585647971796903
2421	0.2623245229823372
2422	0.2653568933146327
2423	0.2653568933146327
2424	0.2932288025660321
2425	0.2932288025660321
2426	0.28294861150502987
2427	0.301244794050041
2428	0.29399697332133423
2429	0.28692494619424325
2430	0.31882283971105463
2431	0.27605029918304813
2432	0.27605029918304813
2433	0.27605029918304813
2434	0.2817302352798313
2435	0.20663337312378044
2436	0.1969137802322016
2437	0.17117154849333585
2438	0.15479930253561203
2439	0.20230724255877322
2440	0.20230724255877322
2441	0.1855587921859838
2442	0.19761389851878006
2443	0.19761389851878006
2444	0.1697419892673806
2445	0.18586665736039681
2446	0.20012318311061242
2447	0.18182700056560125
2448	0.1787946302333058
2449	0.1787946302333058
2450	0.14689673671649436
2451	0.15901134617061513
2452	0.15497168937581957
2453	0.15497168937581957
2454	0.14525209648424073
2455	0.1492917532790363
2456	0.19272781559600652
2457	0.19115272671527211
2458	0.2072773948082883
2459	0.19797515751282851
2460	0.22846717274864853
2461	0.2681125148439257
2462	0.24898538138403836
2463	0.31909167498261737
2464	0.3548325115175842
2465	0.36791978400671077
2466	0.36394344931749745
2467	0.367983106112293
2468	0.37605805877161813
2469	0.4121544635159863
2470	0.41619412031078185
2471	0.41115153798375215
2472	0.43297502883695727
2473	0.48121500626221164
2474	0.5387578741587429
2475	0.5508428854569636
2476	0.5403445063337913
2477	0.5747860607892611
2478	0.5627010494910405
2479	0.5509633900277072
2480	0.5204713747918872
2481	0.5382237906653295
2482	0.5382237906653295
2483	0.5368097917541339
2484	0.5249956507409805
2485	0.4998233669536334
2486	0.5307225919840602
2487	0.5444301595311992
2488	0.5728794563000351
2489	0.589016404151564
2490	0.6629097461545032
2491	0.691674270161453
2492	0.7145094522271408
2493	0.6662694748018864
2494	0.6270227894503663
2495	0.6482251149781251
2496	0.6657177884765264
2497	0.6328251922241332
2498	0.6621391854615567
2499	0.6968473527956219
2500	0.7049193799227129
2501	0.6696215148948629
2502	0.7321306823581215
2503	0.7251766128874546
2504	0.701249917365641
2505	0.7173192200809592
2506	0.6721001471947344
2507	0.6711001471947344
2508	0.6795150625801787
2509	0.6370013028758605
2510	0.6032774900670852
2511	0.5714805957278399
2512	0.5665739367781731
2513	0.6201937849830917
2514	0.6691264932683239
2515	0.6358391564423445
2516	0.6352788791785321
2517	0.6461946372156637
2518	0.6871521823481956
2519	0.6864659886827862
2520	0.6881135544472741
2521	0.6562940686148259
2522	0.5978245579463628
2523	0.5482009421837671
2524	0.6034382813708776
2525	0.6016255044057751
2526	0.6633503942455071
2527	0.7105480650529465
2528	0.6838524607274578
2529	0.7064801236401541
2530	0.6733679742938552
2531	0.6693283174990596
2532	0.6536644568895291
2533	0.6318640945170586
2534	0.568674860481611
2535	0.5767498131409361
2536	0.5309193905073447
2537	0.525451930946333
2538	0.451140735781582
2539	0.4070229648062817
2540	0.42075315159416693
2541	0.42075315159416693
2542	0.4350358080220403
2543	0.47082329967923453
2544	0.4452311885517739
2545	0.46589538032229044
2546	0.4490798042192335
2547	0.39724951852398027
2548	0.4190596683814486
2549	0.4207162648635875
2550	0.4299862654909763
2551	0.4443061133467741
2552	0.43659020594480236
2553	0.4128427472394452
2554	0.4128427472394452
2555	0.4171003837430483
2556	0.4504048646382042
2557	0.4663458338383542
2558	0.5178147003477822
2559	0.5375388591344264
2560	0.544504071869952
2561	0.5762195496019803
2562	0.5676168292708902
2563	0.5624872686875817
2564	0.5368816974227275
2565	0.4979213231071998
2566	0.5222176536647272
2567	0.5171750713376975
2568	0.5243195407999246
2569	0.4903156885135106
2570	0.5388460182999333
2571	0.5912761272210737
2572	0.6062720590576082
2573	0.6164962144755284
2574	0.6362010387018638
2575	0.6490407333262828
2576	0.6625464375088586
2577	0.6700544572233181
2578	0.6307002001680109
2579	0.6286076477100568
2580	0.5981926552950673
2581	0.566477177563039
2582	0.5775072743802656
2583	0.5347347338522591
2584	0.5571631203218318
2585	0.5829578779692423
2586	0.537119270945089
2587	0.5684366208672951
2588	0.5333234523577037
2589	0.568577236919813
2590	0.5037195266581365
2591	0.49982660802782863
2592	0.5118944925505405
2593	0.5253137877375578
2594	0.5335471249851218
2595	0.5083748411977747
2596	0.5241306331917283
2597	0.5120107362501825
2598	0.49989612679606177
2599	0.47296430163673875
2600	0.4893365475944626
2601	0.5034511570485833
2602	0.5155867062769889
2603	0.533882888822
2604	0.5576595086385936
2605	0.5318647509911831
2606	0.54824972769036
2607	0.568827102129517
2608	0.6002360386708541
2609	0.5883363261166951
2610	0.6507870322173301
2611	0.6247197372194667
2612	0.6004108083623837
2613	0.6588543380990791
2614	0.6268765198303841
2615	0.6827236323741224
2616	0.6322426666006576
2617	0.6418277665253556
2618	0.6852638288423258
2619	0.7291429594318763
2620	0.7270905613299503
2621	0.7321030853357168
2622	0.7310373322309539
2623	0.767738446400051
2624	0.7412382643402202
2625	0.7948581125451388
2626	0.7714783445336366
2627	0.7246262024993032
2628	0.684164624992041
2629	0.6648502097788864
2630	0.6342663228309309
2631	0.6441799824509385
2632	0.6250528489910513
2633	0.5824274461566809
2634	0.5824274461566809
2635	0.536277842521186
2636	0.538449356973181
2637	0.49379068405428805
2638	0.4738044014167818
2639	0.4777467100849854
2640	0.504273773912358
2641	0.49888380615550965
2642	0.47678391321464025
2643	0.43150620939211093
2644	0.4300449456538919
2645	0.37642509744897323
2646	0.40618975445776273
2647	0.415819626024773
2648	0.4500849175223129
2649	0.47776073845954564
2650	0.4515738554036492
2651	0.43274236188627413
2652	0.4367820186810697
2653	0.39896800693829515
2654	0.4150926750313114
2655	0.425464468838386
2656	0.41424031342046586
2657	0.4504522540026087
2658	0.47738819858880477
2659	0.4459445118834237
2660	0.459382613495294
2661	0.47606044020724464
2662	0.4703805041104614
2663	0.4789832244415515
2664	0.4785234980118446
2665	0.5184976869987116
2666	0.5182453121898044
2667	0.5243727404200729
2668	0.5024076677531657
2669	0.48501203787693525
2670	0.5275257975812534
2671	0.5432261398724678
2672	0.5583136165375595
2673	0.6037184682617601
2674	0.6140618434331121
2675	0.6143069559309488
2676	0.6072349288038577
2677	0.6222800295766732
2678	0.6076351418459799
2679	0.6146003545815055
2680	0.5766875872441888
2681	0.5903371397907338
2682	0.6641890864478225
2683	0.6854425881450753
2684	0.6839861345619196
2685	0.6510839727021435
2686	0.6492928116849177
2687	0.6375455705265345
2688	0.6181733245688108
2689	0.6288492746212394
2690	0.5947405901183587
2691	0.5511683385757448
2692	0.5774782904139806
2693	0.5441773366514062
2694	0.5288063300296986
2695	0.5526922354470027
2696	0.5959789366186808
2697	0.5912957131012362
2698	0.5964365694112609
2699	0.5979194705130827
2700	0.604901296563309
2701	0.5705563444933531
2702	0.4926647410414689
2703	0.4788836837689576
2704	0.4945806397765334
2705	0.48750861264944234
2706	0.443415245509062
2707	0.4551624866674452
2708	0.46889965237048414
2709	0.45197588158934876
2710	0.43385121349633254
2711	0.44817106135213036
2712	0.4244784570751383
2713	0.4026549662219332
2714	0.411924966849322
2715	0.38868078733229405
2716	0.37065649729310984
2717	0.3735779800360891
2718	0.36591413876461065
2719	0.3827020507149124
2720	0.398923793626884
2721	0.39324385753010077
2722	0.4013158846571918
2723	0.44289143359206384
2724	0.44245611340227764
2725	0.516326703727796
2726	0.5722661555555526
2727	0.5832780298964579
2728	0.5735805209882144
2729	0.5947204344432662
2730	0.6110926804009901
2731	0.6430137677938437
2732	0.6253089435675083
2733	0.6293486003623039
2734	0.6448880390397298
2735	0.6542363788214548
2736	0.6289739676889609
2737	0.6235720342488484
2738	0.6346835504996481
2739	0.6163022776842723
2740	0.6316199291491956
2741	0.6439525183121239
2742	0.6456000840766116
2743	0.6275205293532752
2744	0.6176866139128467
2745	0.5858892553977373
2746	0.5396693964615595
2747	0.5118826495119153
2748	0.5078429927171197
2749	0.478631052134977
2750	0.5110838296151443
2751	0.4992566926314573
2752	0.5392815807981963
2753	0.6072254573870532
2754	0.579391008566669
2755	0.6095284260396251
2756	0.6329782057190891
2757	0.6070095066717249
2758	0.604753370657821
2759	0.5887686858618814
2760	0.5338752194770363
2761	0.5525765465135073
2762	0.5632239908919778
2763	0.5610673984958064
2764	0.565764656084216
2765	0.5277310810686028
2766	0.5460996415367195
2767	0.572066598171684
2768	0.5791386252987751
2769	0.6344896089650758
2770	0.5953841784187633
2771	0.6103353151406549
2772	0.6023671749234883
2773	0.5344232983346314
2774	0.5671376318878013
2775	0.5026560767248938
2776	0.4975024795904409
2777	0.520224723180595
2778	0.5190331842151779
2779	0.5370605921636551
2780	0.5668186014678962
2781	0.5498696965667176
2782	0.6138953097272527
2783	0.5764807431560569
2784	0.5459887279202369
2785	0.5684171143898096
2786	0.540328961030114
2787	0.5414706704801903
2788	0.5343986433530993
2789	0.5200991003076257
2790	0.532662724698959
2791	0.49541239916622376
2792	0.4815992117047677
2793	0.5196327867203809
2794	0.5046411836875305
2795	0.5127132108146215
2796	0.49441702826961037
2797	0.4678899644422379
2798	0.46683653057386587
2799	0.4829124807887819
2800	0.46022649861163184
2801	0.4643850478015277
2802	0.43117049089229786
2803	0.43117049089229786
2804	0.45763853415666605
2805	0.43117049089229786
2806	0.4864459597573504
2807	0.4646125029873728
2808	0.5126994732188311
2809	0.5252021064387855
2810	0.5150334986099943
2811	0.5486652077948598
2812	0.5374790271546084
2813	0.5457994220036035
2814	0.5878421624672153
2815	0.621608293898151
2816	0.6715938659857914
2817	0.6572740181299936
2818	0.6896259543690448
2819	0.7150804222884913
2820	0.7629195336259512
2821	0.7914861582155664
2822	0.7786350583149868
2823	0.8048402328427245
2824	0.8046555227008335
2825	0.8250225599708829
2826	0.7915705819590355
2827	0.7992864893610072
2828	0.7552391759243444
2829	0.7446456923134278
2830	0.7543545737125121
2831	0.7269305682961946
2832	0.7255531245451129
2833	0.7159458585659697
2834	0.6908589619381719
2835	0.6809986216488404
2836	0.6988262758089819
2837	0.7652994675454191
2838	0.702838865221327
2839	0.6594532065185092
2840	0.6716116728805759
2841	0.6620991496326795
2842	0.6643360622348611
2843	0.6284112948155446
2844	0.6021279616930675
2845	0.5978855925160343
2846	0.5897992673658682
2847	0.6157732369592812
2848	0.6810843758736563
2849	0.6502383950979123
2850	0.6646268448268499
2851	0.6703926849638766
2852	0.6647127488670933
2853	0.6679909331483671
2854	0.6393549411192636
2855	0.6568564989116712
2856	0.6347447558235604
2857	0.5682715640871232
2858	0.5971517160778983
2859	0.5803968665451174
2860	0.5173669185132955
2861	0.5385387673519233
2862	0.5020145179237623
2863	0.540781338724141
2864	0.57413498875636
2865	0.5939350880826604
2866	0.6335470843501196
2867	0.6336414419345026
2868	0.6172043561728161
2869	0.6310455688251457
2870	0.6725529680872023
2871	0.6742595723749172
2872	0.7060154698605167
2873	0.7155049987397635
2874	0.7124874259283033
2875	0.6793802958249243
2876	0.6377184694600486
2877	0.6447904965871396
2878	0.6544307291300402
2879	0.7085580986782449
2880	0.7045184418834494
2881	0.6642924917031026
2882	0.6836069069162571
2883	0.6711234192383555
2884	0.6748439062027001
2885	0.688904710871024
2886	0.7066539101219977
2887	0.6990016786784162
2888	0.6790256519247299
2889	0.6691944979112957
2890	0.6377160933157479
2891	0.6312935816260612
2892	0.6207604384781601
2893	0.611299731777759
2894	0.6042423519298941
2895	0.6239340992497953
2896	0.6269664695820907
2897	0.6362666884127235
2898	0.5880267109874692
2899	0.5461179978426758
2900	0.5956702808716822
2901	0.5774267203835657
2902	0.6068432349197286
2903	0.6502658429847319
2904	0.6419497152924094
2905	0.638863702563697
2906	0.5895888321954301
2907	0.5850222662953183
2908	0.5682092511945365
2909	0.5520845831015203
2910	0.5058436478528688
2911	0.5138844332314398
2912	0.4926616788937414
2913	0.5127069250712236
2914	0.5590608949358321
2915	0.5431058611683207
2916	0.5360338340412297
2917	0.5419448053664179
2918	0.5419448053664179
2919	0.5537631279541976
2920	0.5476469072421615
2921	0.6084439155295867
2922	0.6041661046414373
2923	0.5481973291569958
2924	0.5648764051508778
2925	0.5471887863740924
2926	0.5583029787146853
2927	0.5244049523156827
2928	0.5123199410174621
2929	0.5340644220385931
2930	0.5598591796860035
2931	0.5405181754767998
2932	0.5817470334749086
2933	0.5724656568947122
2934	0.5261116870301037
2935	0.5100423843147855
2936	0.5588674077526767
2937	0.5463037833613436
2938	0.5503434401561391
2939	0.563185009414006
2940	0.5340687949528335
2941	0.4692321298706127
2942	0.46049136818387515
2943	0.44675420248083614
2944	0.4589677650386492
2945	0.4560391575789836
2946	0.43683864008822465
2947	0.47812378626545626
2948	0.47812378626545626
2949	0.4786625225272373
2950	0.48389043669055837
2951	0.5102322078284318
2952	0.5127797192201864
2953	0.4579224824825202
2954	0.46095485281481563
2955	0.5197334098659974
2956	0.48302299588222697
2957	0.5300610088405044
2958	0.5300610088405044
2959	0.5111607726204359
2960	0.5271454574163755
2961	0.5271454574163755
2962	0.507502402957263
2963	0.5293258938104681
2964	0.5036530642232271
2965	0.510723381132969
2966	0.5340603524264937
2967	0.5555782883186919
2968	0.57564759103401
2969	0.5825763143332408
2970	0.561273235414088
2971	0.5857928850342022
2972	0.6201231388325731
2973	0.6479950480839725
2974	0.6738082598940924
2975	0.6441322562965959
2976	0.6774062965409974
2977	0.6343858563941801
2978	0.6374182267264755
2979	0.6127747761215383
2980	0.6352723556630196
2981	0.6352723556630196
2982	0.6630654972642209
2983	0.7036271930078466
2984	0.675689031533947
2985	0.6686187146242051
2986	0.6594164868790409
2987	0.6565916088333436
2988	0.6528496865932792
2989	0.6307097731382275
2990	0.667127083213162
2991	0.6152656624551744
2992	0.5783384553583694
2993	0.5504665461069699
2994	0.5246533342968499
2995	0.4915111240483692
2996	0.4622471424428632
2997	0.5134478674413196
2998	0.554615817739483
2999	0.5883301512926529
3000	0.5638325717511714
3001	0.5735521646427502
3002	0.5704014794261614
3003	0.5120559496241261
3004	0.5191133294719912
3005	0.5445218282569717
3006	0.5400039910135225
3007	0.5257550521360056
3008	0.5094276716607518
3009	0.5023556445336608
3010	0.4836317729034422
3011	0.5563588088806422
3012	0.5591843647091451
3013	0.6032489096706798
3014	0.5961768825435888
3015	0.6002165393383844
3016	0.5978290369484072
3017	0.557245218254862
3018	0.5308287316828126
3019	0.5223101553111198
3020	0.49400562265938247
3021	0.4923580568948947
3022	0.4709607130081187
3023	0.4766406491049019
3024	0.48786071699723577
3025	0.5092893527141038
3026	0.5122893527141038
3027	0.46959245790018356
3028	0.5210914613317245
3029	0.57462747489527
3030	0.5609516092620143
3031	0.5374938082166045
3032	0.4965212066289678
3033	0.470778974890102
3034	0.5206490543184891
3035	0.5206490543184891
3036	0.5628287821606435
3037	0.5684017990533489
3038	0.5576753448428043
3039	0.577328308886903
3040	0.5870479017784819
3041	0.5789758746513909
3042	0.5874323695120697
3043	0.6248469360832655
3044	0.6299428628845658
3045	0.5842354265965348
3046	0.6094970685406815
3047	0.6385335789479731
3048	0.5870345755164321
3049	0.5609115932891815
3050	0.5761253719523325
3051	0.5545249464284181
3052	0.5940267371388407
3053	0.6221544597012845
3054	0.5866042281286953
3055	0.6123225806381408
3056	0.5828737303573156
3057	0.5640436780993205
3058	0.5672664893124578
3059	0.5427587722960857
3060	0.5473590272603047
3061	0.5570786201518836
3062	0.5252680532832545
3063	0.47813389382048
3064	0.517597082015924
3065	0.49422370747442484
3066	0.49084797094758237
3067	0.5076616128582281
3068	0.5106939831905235
3069	0.5135854845059662
3070	0.5151265553755962
3071	0.5176708946536588
3072	0.526637801956858
3073	0.48825979329883634
3074	0.5028908898092286
3075	0.49142906304999856
3076	0.46496101978563037
3077	0.5192867637106495
3078	0.5323799471911465
3079	0.5090065726496473
3080	0.5199491359263434
3081	0.5142691998295602
3082	0.5548331060525168
3083	0.5899066790467117
3084	0.5341274961576334
3085	0.577395074813783
3086	0.5583670379706713
3087	0.5656058465672851
3088	0.5768300019852052
3089	0.5838106451464972
3090	0.6122130857425745
3091	0.636122647230432
3092	0.58765394921681
3093	0.6112973998217474
3094	0.6184549929899399
3095	0.6251546083531552
3096	0.6568700860851835
3097	0.6078195514752276
3098	0.6450120431286153
3099	0.6875635324343048
3100	0.7028650275247674
3101	0.7293173859657919
3102	0.7482996641666675
3103	0.7436410835874622
3104	0.7325440469448016
3105	0.6892764682886521
3106	0.7189546285237366
3107	0.6709082499362155
3108	0.7112146242145939
3109	0.67796910519636
3110	0.6354468953221866
3111	0.5863667674754204
3112	0.6153911450926974
3113	0.6336756673606692
3114	0.6072867227178654
3115	0.6337597913190669
3116	0.6421865238355193
3117	0.6355338707693743
3118	0.6387527666542783
3119	0.608533866511517
3120	0.6282517357902953
3121	0.6190768250894696
3122	0.6025344929520514
3123	0.618004028694668
3124	0.6277236215862467
3125	0.6597479580690763
3126	0.600857857251849
3127	0.6068679158907445
3128	0.5774772996494977
3129	0.5734376428547021
3130	0.5793486141798903
3131	0.5809711704288085
3132	0.5881904513776822
3133	0.5662786047373778
3134	0.6030090476309118
3135	0.5612597740130626
3136	0.5251572205593775
3137	0.5543010527043448
3138	0.5143328680053758
3139	0.497960622047652
3140	0.4848342007349631
3141	0.4938852739942271
3142	0.46917760425282423
3143	0.4641747689402097
3144	0.4873530695654423
3145	0.461008669179396
3146	0.461008669179396
3147	0.4469236578811754
3148	0.4274313101906114
3149	0.4686246005768118
3150	0.47464591594563715
3151	0.5014726564655547
3152	0.4831527686805394
3153	0.4661616519635044
3154	0.44617965944275984
3155	0.46981371658340015
3156	0.5144598652557179
3157	0.5193538444707533
3158	0.5036122197492564
3159	0.514709256391917
3160	0.489837119485783
3161	0.4955653464358928
3162	0.4813088206856772
3163	0.49219543091068685
3164	0.45929753739387547
3165	0.4884617280946014
3166	0.5005763375487222
3167	0.5036087078810176
3168	0.510013783082455
3169	0.46882049269625464
3170	0.45688820600224106
3171	0.4485920840878525
3172	0.4357108956337468
3173	0.4429100415360974
3174	0.4621488098471237
3175	0.5075476603341619
3176	0.48068534572025373
3177	0.4592111587515843
3178	0.4867819995187446
3179	0.49913474255554807
3180	0.5344751028640012
3181	0.512698545975431
3182	0.5254061135225699
