1	0.14144054254182067
2	0.11111683921886592
3	0.3007702413886706
4	0.22557768104150294
5	0.3479332643010914
6	0.32234302988950553
7	0.27629402561957617
8	0.25185641440411805
9	0.30809361137905633
10	0.27728425024115066
11	0.2770532560429352
12	0.28125256130223025
13	0.3264424601512437
14	0.3375367892257199
15	0.373157748059321
16	0.41226323480531357
17	0.4264985218899478
18	0.45863156298601937
19	0.4387453299812768
20	0.45673433702829536
21	0.44966230990120437
22	0.4456226531064088
23	0.41161880081999475
24	0.42535596652303376
25	0.3978080345118593
26	0.43086098214828705
27	0.4863996423746236
28	0.482359985579828
29	0.49549923506998406
30	0.5065962717126447
31	0.5334230122325623
32	0.5435188095392066
33	0.5397681974435173
34	0.5633271670510621
35	0.5361068544222991
36	0.49020423441733463
37	0.4574910786551299
38	0.4608004894149496
39	0.46483285974724503
40	0.4249065862011626
41	0.44127883215888647
42	0.4555986800146843
43	0.4555986800146843
44	0.4515811072032241
45	0.4469808522390051
46	0.43709355064820954
47	0.4086143105757739
48	0.465096569459113
49	0.4261723700641495
50	0.4450024223221446
51	0.418175681802227
52	0.3917076385378587
53	0.39923819903400926
54	0.3844763150039799
55	0.42958364751212263
56	0.4473674815705322
57	0.4691909724237373
58	0.4503777351179227
59	0.473610240642569
60	0.5226246643028227
61	0.5143244454721899
62	0.5097241905079709
63	0.5300912277780203
64	0.5203716348864414
65	0.5106520419948627
66	0.498133840327701
67	0.4751140769685957
68	0.42267147488005224
69	0.4105568654259315
70	0.424065838842246
71	0.410328673139207
72	0.424065838842246
73	0.4058007724910045
74	0.3930244930639072
75	0.36987190821881555
76	0.35208807416040594
77	0.3619800610392291
78	0.34734818401437595
79	0.32008330815743413
80	0.3169534126547866
81	0.3359408056815964
82	0.3262212127900176
83	0.3540941529452227
84	0.3540941529452227
85	0.3638137458368015
86	0.34748636536154776
87	0.3505187356938432
88	0.3464790788990476
89	0.3778147909101707
90	0.34649333804732113
91	0.35621293093889994
92	0.35621293093889994
93	0.3272619865727099
94	0.31687261995417504
95	0.30354142424162645
96	0.30354142424162645
97	0.2718259465095981
98	0.2873456600873234
99	0.2930255961841066
100	0.2689645588797056
101	0.2789691320034298
102	0.3287380539444411
103	0.2875701036462778
104	0.3018899515020756
105	0.3042849680646175
106	0.30024531126982196
107	0.2931732841427309
108	0.30528789359685166
109	0.3107419247344956
110	0.30834690817195365
111	0.31294716313617266
112	0.33321384971954765
113	0.33321384971954765
114	0.32349425682796884
115	0.33291225718470685
116	0.3431924482457091
117	0.3575122961015069
118	0.3299556501407591
119	0.3553096302433752
120	0.34560074884429076
121	0.3085367555666657
122	0.25876783362565436
123	0.2884855496473303
124	0.2741657017915325
125	0.30101146665293943
126	0.35381357884615816
127	0.35381357884615816
128	0.365787122751733
129	0.3491063391130797
130	0.3393867462215009
131	0.3250668983657031
132	0.3175310893436573
133	0.3175310893436573
134	0.3555394644917556
135	0.34294915707999635
136	0.32862930922419853
137	0.3483133136548147
138	0.35235589598184436
139	0.31728232298764947
140	0.31728232298764947
141	0.34830499479838106
142	0.42444172972169786
143	0.4040242325306547
144	0.41374382542223354
145	0.38185547823379684
146	0.3330930228353736
147	0.3678338593703404
148	0.3437457060106449
149	0.3307087736276223
150	0.3560129129005175
151	0.3560129129005175
152	0.3553396272835598
153	0.38180767054792797
154	0.38895779215361115
155	0.40001954023761693
156	0.423469319917081
157	0.389465467630667
158	0.4173250471634133
159	0.4724506751537837
160	0.460336065699663
161	0.4390329867805103
162	0.36289625185719354
163	0.35863861535359043
164	0.3489190224620117
165	0.34184699533492063
166	0.33780733854012507
167	0.3527052247045487
168	0.3973638976234415
169	0.40858805304136164
170	0.387323570563262
171	0.4326483735352892
172	0.44482156836356107
173	0.46491974139346137
174	0.4797941974667106
175	0.4469089585294996
176	0.4234591788500356
177	0.43777902670583335
178	0.39780483771896635
179	0.3917749951733769
180	0.4028720318160374
181	0.45125611058572906
182	0.4873646481201116
183	0.4833220657930819
184	0.4833220657930819
185	0.49039409292017294
186	0.5317314115448039
187	0.493189725488074
188	0.49441558072678726
189	0.5101232504681901
190	0.5431577306699582
191	0.5018725844927265
192	0.4709766591441353
193	0.4314824699769578
194	0.37144951714992724
195	0.41999704687266065
196	0.4310940835153212
197	0.4446461449109228
198	0.47340415421516396
199	0.4663816005807918
200	0.45932422073292684
201	0.43255626108277945
202	0.4411063964672898
203	0.4604474006764935
204	0.4787435832215047
205	0.4757112128892092
206	0.4343738942645783
207	0.44827265553014417
208	0.4064277841673336
209	0.3942474227341248
210	0.38766530097338114
211	0.4316702728933133
212	0.4326702728933133
213	0.46888494693790034
214	0.5006955138065293
215	0.4632450207264564
216	0.46022001121088685
217	0.4770067748783803
218	0.4882229545610063
219	0.4532217498776885
220	0.46530676117590913
221	0.4380107059595817
222	0.4352198129076611
223	0.42963027242457147
224	0.475166704646279
225	0.475166704646279
226	0.4792063614410746
227	0.5115556918196872
228	0.5276249945350052
229	0.5128735308088912
230	0.5673433423814851
231	0.5592729026536244
232	0.5801518198927234
233	0.5774290249440018
234	0.5975392064280397
235	0.5904818265801748
236	0.5824097994530837
237	0.5377511265341909
238	0.5074965304389026
239	0.53843287845991
240	0.5602077697258219
241	0.5602077697258219
242	0.5510531456210543
243	0.5859611007270333
244	0.5565422842252791
245	0.6028962540898876
246	0.627807541661282
247	0.578534440501534
248	0.5624651377862159
249	0.5777102151941192
250	0.4927483883857053
251	0.4927483883857052
252	0.4718694711466062
253	0.46167374271790795
254	0.4402450096010611
255	0.4553324862661528
256	0.4787822659456168
257	0.48685429307270783
258	0.48924930963524976
259	0.45931296161424245
260	0.4214134022553143
261	0.41737374546051875
262	0.4029567722433251
263	0.3793675365326216
264	0.3449537382676572
265	0.29456011160825313
266	0.2726811943691541
267	0.2726811943691541
268	0.26864153757435855
269	0.25036408983415975
270	0.27429078535597323
271	0.2343165963691062
272	0.2527126125063833
273	0.24416792556533018
274	0.21367591032951014
275	0.20666338632374362
276	0.22455092526891046
277	0.2414746960500458
278	0.25641950674982594
279	0.25641950674982594
280	0.25641950674982594
281	0.3150483106281806
282	0.31048929378620843
283	0.28706667642930656
284	0.31953471969367475
285	0.35544119564115
286	0.34836916851405897
287	0.35403430709000694
288	0.3884934144729661
289	0.4062772485313757
290	0.4257866153265324
291	0.4441089285492013
292	0.4434356429322436
293	0.425651808873834
294	0.425651808873834
295	0.4296618675127295
296	0.4269242937704525
297	0.43419628017079415
298	0.4567755827162837
299	0.4557755827162837
300	0.48912923274850273
301	0.43050042887014806
302	0.442494778926141
303	0.45924322929893036
304	0.4485196670556931
305	0.4359802283782671
306	0.5040284307504512
307	0.500010857938991
308	0.4655517505560319
309	0.45344785259440556
310	0.42638403623515914
311	0.4420655752989043
312	0.4614898905377185
313	0.45745023374292293
314	0.48916571147495125
315	0.5176997163008279
316	0.4992089309285877
317	0.48105575607414036
318	0.4435316428288707
319	0.4823441438593858
320	0.4691176272870541
321	0.4812146639297146
322	0.45548314817068275
323	0.45129832218922655
324	0.47089115979272644
325	0.4475241225226772
326	0.3905729567931537
327	0.45853597505219873
328	0.5258634698514024
329	0.5537426394898792
330	0.580634538643394
331	0.6185738301090746
332	0.5773944140176456
333	0.5773944140176456
334	0.5456789362856173
335	0.5050599201615199
336	0.4849509606514063
337	0.5442766129412824
338	0.5679985546212025
339	0.5678318426364661
340	0.5477047091765789
341	0.5684980130914046
342	0.588865050361454
343	0.5829540790362657
344	0.5456564172064304
345	0.5537284443335214
346	0.5705033169422603
347	0.4968603625864321
348	0.4915300653444514
349	0.4756757838355267
350	0.5114662643074384
351	0.48673913127277524
352	0.49379651112064027
353	0.5178846644803359
354	0.5492203764914588
355	0.5522527468237544
356	0.6290496164050441
357	0.567723964115168
358	0.5766388288758533
359	0.5452408605587814
360	0.5909871791977677
361	0.5621364954350769
362	0.5618784176751414
363	0.5455061717174174
364	0.5414665149226219
365	0.5779490691865126
366	0.564397007790911
367	0.5603573509961154
368	0.49836015343889245
369	0.49093552027355924
370	0.411880894690409
371	0.3925367932243769
372	0.40790779984608455
373	0.43708652061602826
374	0.4838003719126268
375	0.5166546183316182
376	0.4541775966061262
377	0.4603591696970167
378	0.4156077538022904
379	0.4012879059464926
380	0.36526118019908504
381	0.37231856004695
382	0.36330663717949696
383	0.40328082616636396
384	0.40328082616636396
385	0.36679827190247327
386	0.39522902552989986
387	0.4299698620648667
388	0.4299698620648667
389	0.41968967100386445
390	0.42372932779866
391	0.4029294456743516
392	0.4054123467761734
393	0.41770696962101483
394	0.37366125859970734
395	0.3578439445637386
396	0.36289634266566456
397	0.3925022612319684
398	0.41749805914019483
399	0.4215377159349904
400	0.4468916960376065
401	0.43579465939494594
402	0.4246976227522854
403	0.4131732134448824
404	0.44907968939235765
405	0.44504731906006223
406	0.42457993485974993
407	0.4255799348597499
408	0.4740727105157136
409	0.470033053720918
410	0.470033053720918
411	0.462961026593827
412	0.4523323954503059
413	0.3867708984758252
414	0.37588897096162394
415	0.3517800114515103
416	0.37897398178805497
417	0.3696050579761348
418	0.41658781307644366
419	0.4336752897415354
420	0.4644838215816966
421	0.5139631976427994
422	0.5374129773222635
423	0.5089631976427993
424	0.49135290424033523
425	0.4970328403371185
426	0.48182165018129747
427	0.5029493872574717
428	0.48232852085290745
429	0.5024374803630212
430	0.5105124330223463
431	0.5268846789800701
432	0.5872916895964007
433	0.6204338998448814
434	0.6013516318674642
435	0.6411036458366903
436	0.6234883739086119
437	0.6360546754745909
438	0.5681157792608512
439	0.5591032552550846
440	0.504318187063389
441	0.49162855415105317
442	0.4931745723798156
443	0.5706181473708792
444	0.5840374425578964
445	0.5910650740082521
446	0.6058165377343662
447	0.5489479641232251
448	0.5281480819989167
449	0.5330349203970295
450	0.5496783202471499
451	0.5611779835408255
452	0.5089167029661942
453	0.5269632715151178
454	0.5229236147203222
455	0.5275736112205
456	0.49862266685430995
457	0.44752318798893603
458	0.4855567630045493
459	0.49939797565687893
460	0.4883009390142184
461	0.4515111958654515
462	0.4305550547520206
463	0.353111479760957
464	0.3213960020289287
465	0.3086884344817898
466	0.3219385166227795
467	0.3932255704785793
468	0.4232276803480519
469	0.40227153923462106
470	0.4344755651622224
471	0.437939367921946
472	0.42520849036061675
473	0.37401971156321245
474	0.3974694912426765
475	0.3530674807732727
476	0.3713897939959416
477	0.4064633669901364
478	0.3643901351797276
479	0.35217147877631627
480	0.3592435059034073
481	0.37356335375920513
482	0.40123917469643783
483	0.4543852137983898
484	0.4584248705931854
485	0.48085325706275805
486	0.44981934086335873
487	0.41167449725603966
488	0.43005311887770076
489	0.49368751782780224
490	0.47631804118244664
491	0.44498232917132363
492	0.4905405853010755
493	0.5088628985237444
494	0.5429962992339361
495	0.5802814750469656
496	0.5837826526775018
497	0.567005262228318
498	0.6178551041008453
499	0.6346099536336263
500	0.6799279191548104
501	0.693479980550412
502	0.6714840957099625
503	0.6223777134028061
504	0.6326579044638083
505	0.6102295179942356
506	0.6132618883265312
507	0.5801196780780504
508	0.5246669194598257
509	0.4610325205097242
510	0.46215777809610703
511	0.46215777809610703
512	0.4746539585249132
513	0.4892168842394553
514	0.43567336064459516
515	0.4294476049854666
516	0.411663770927057
517	0.39740724517684145
518	0.35059706009910974
519	0.3201050448632897
520	0.30459139302604205
521	0.3041325151109373
522	0.311160146561293
523	0.33761250500231743
524	0.32733231394131523
525	0.37506096021652086
526	0.3720285898842254
527	0.414801130412232
528	0.42589816705489253
529	0.45586236254651097
530	0.41518420316843685
531	0.4192238599632324
532	0.37792427293745534
533	0.3767545117322727
534	0.4145530134955037
535	0.3978134411974007
536	0.4404771871713796
537	0.4629055736409523
538	0.47499058493917296
539	0.4913628308968968
540	0.48695453335023753
541	0.4716561114680635
542	0.4866243648581573
543	0.5113556209921368
544	0.5073159641973413
545	0.5035174542283188
546	0.5491165201329137
547	0.5103836363997027
548	0.5175827823020533
549	0.5176988771977376
550	0.513659220402942
551	0.5469987975993751
552	0.530243948066594
553	0.4985284703345657
554	0.4566903117765391
555	0.46629715944255484
556	0.4474656659251798
557	0.43531747051660935
558	0.4684835542825391
559	0.4521113083248153
560	0.45135874279247534
561	0.4575664465610235
562	0.46913767000067336
563	0.4618841917318527
564	0.5329196997675502
565	0.49466949955815015
566	0.4490704336535553
567	0.4928761336545214
568	0.5074651900467212
569	0.48708240856766205
570	0.4968020014592408
571	0.4934266197544262
572	0.5129073056249003
573	0.5611472830501547
574	0.5611472830501547
575	0.5469401804199199
576	0.5190682711685205
577	0.5418225603092863
578	0.49253180845034034
579	0.5143552993035454
580	0.5317125163231997
581	0.5515959058282323
582	0.5194062412992146
583	0.4811560410898147
584	0.43933247363625993
585	0.44790906328969227
586	0.48867233735553395
587	0.4448666373545679
588	0.4438792919341683
589	0.4301421262311293
590	0.4589557106389453
591	0.4545970864121811
592	0.4254188916334636
593	0.391498762064007
594	0.4411186102689257
595	0.43139901737734687
596	0.48022404081523806
597	0.45022193094576546
598	0.49299447147377196
599	0.4889182049625013
600	0.47225854154711344
601	0.4504250847771359
602	0.43932804813447535
603	0.43932804813447535
604	0.4101161075523326
605	0.39181992500732143
606	0.3804799582180338
607	0.3835123285503293
608	0.35161443503351786
609	0.36133402792509667
610	0.3419279840855891
611	0.32439736548006004
612	0.3438074883647285
613	0.33655966763602174
614	0.2909794762258987
615	0.3211764058094286
616	0.27639103916633295
617	0.2693190120392419
618	0.2777516935155611
619	0.2670764963007176
620	0.29576207803123944
621	0.33264756652419825
622	0.33264756652419825
623	0.3300000007597105
624	0.33403965755450604
625	0.34777682325754505
626	0.3818256911339914
627	0.4199727368931251
628	0.45606914163749324
629	0.4737625800822092
630	0.4627074737494129
631	0.46491271215109
632	0.44853495959871703
633	0.5000917363499806
634	0.5378902381132117
635	0.5469261711018077
636	0.5887710424646183
637	0.6038856519187391
638	0.5526804299144134
639	0.5987544418892743
640	0.5519756766782555
641	0.5621115688869771
642	0.578483814844701
643	0.5714117877176099
644	0.5673721309228144
645	0.5536349652197754
646	0.4861231332719794
647	0.4409040603857547
648	0.42310383818639774
649	0.39569080685010305
650	0.3916584365178076
651	0.37733858866200976
652	0.37833858866200976
653	0.4048670092972177
654	0.41327351382015287
655	0.3740406512480269
656	0.36215997537683464
657	0.3470453659227139
658	0.3470453659227139
659	0.3060139362748827
660	0.31695649955157884
661	0.273929910162224
662	0.26462969133159125
663	0.2987817673730848
664	0.2987817673730848
665	0.32060525822629
666	0.35460911051270394
667	0.37796318252065414
668	0.41528670149912134
669	0.4976141075925087
670	0.5046714874403737
671	0.5143910803319525
672	0.5143910803319525
673	0.4557018990827581
674	0.435872228416786
675	0.45419454163945494
676	0.4402996488631546
677	0.4776266424839296
678	0.48734623537550836
679	0.4752316259213877
680	0.4888697799662206
681	0.4685027426961713
682	0.46547037236387584
683	0.45044542978226954
684	0.46657009787528575
685	0.4712146502864488
686	0.4372107980000348
687	0.46099733775990825
688	0.45531991303619
689	0.37299250694280267
690	0.3796426946420766
691	0.37396275854529337
692	0.3822629773759261
693	0.37616197138160723
694	0.36919675864608165
695	0.3651942932792106
696	0.40470742098317
697	0.367380427362395
698	0.367380427362395
699	0.4092482072293673
700	0.37438729884683597
701	0.37438729884683597
702	0.3703476420520404
703	0.3512205085921531
704	0.353392023044148
705	0.36133777804474426
706	0.37105737093632307
707	0.36281732434582636
708	0.36632358634870965
709	0.36632358634870965
710	0.3939650117052974
711	0.4106750446193074
712	0.3943027986615836
713	0.38825560924733205
714	0.36884548636266357
715	0.412443616588575
716	0.3689461974675181
717	0.38306080692163885
718	0.3773808708248556
719	0.34925025666092235
720	0.36833252463833954
721	0.3723721814331351
722	0.408000854520974
723	0.4440972592653421
724	0.44217332267805476
725	0.42207937226888814
726	0.4194318065044004
727	0.3805312413270735
728	0.37512733123915787
729	0.3848469241307367
730	0.3953293068945904
731	0.3856766538284454
732	0.44791204128621837
733	0.46006023669478874
734	0.46006023669478874
735	0.46206860144526435
736	0.4682271506351602
737	0.4621845683081304
738	0.4581449115133348
739	0.44440774581029585
740	0.4212858210380831
741	0.4309833299463265
742	0.46611934979594594
743	0.4765967628890914
744	0.47852069947637876
745	0.46420085162058095
746	0.4571288244934899
747	0.4571288244934899
748	0.44196943471597316
749	0.45966287316068916
750	0.44347729091959415
751	0.4404522814040246
752	0.37821689394625163
753	0.35174885068188344
754	0.35478122101417886
755	0.3395135511008869
756	0.31723033381797483
757	0.3383702472730266
758	0.3383702472730266
759	0.3383702472730266
760	0.34544227440011765
761	0.34602495655287646
762	0.30707083048404704
763	0.2675690397736245
764	0.3320928316539858
765	0.3608508409582269
766	0.40550951387711975
767	0.41522910676869856
768	0.4154860780799683
769	0.3880730467436736
770	0.3594846331650531
771	0.3677848519956858
772	0.3748568791227768
773	0.3748568791227768
774	0.3677848519956858
775	0.3940722195716814
776	0.43946086927020367
777	0.41732095581515194
778	0.4476891336094103
779	0.4547611607365013
780	0.4805743725466213
781	0.4986017804950986
782	0.5120102865126943
783	0.525047218895717
784	0.4422272444703446
785	0.41346923516610345
786	0.3728502190420062
787	0.39100253540182683
788	0.3990586963221862
789	0.4293132962388687
790	0.4182162595962081
791	0.45910013007098166
792	0.46174769583546943
793	0.465787352630265
794	0.4801072004860628
795	0.44204639892838526
796	0.396657749229863
797	0.4096946816128856
798	0.4305643404212348
799	0.4436012728042574
800	0.4329992511499584
801	0.46100021398499164
802	0.44819417243506166
803	0.4378048058165268
804	0.4499194152706475
805	0.45395907206544306
806	0.4869935522672112
807	0.4702186796584723
808	0.44011734513229284
809	0.4219773546697311
810	0.45926127436828806
811	0.4060448147305863
812	0.40036487863380305
813	0.4525674796114041
814	0.450362241209727
815	0.42151665906731156
816	0.4555205113537256
817	0.47248568884017556
818	0.47451472636720726
819	0.49293894415648837
820	0.48037531976515513
821	0.4280991282529378
822	0.42740157464867135
823	0.4176819817570926
824	0.4096070290977674
825	0.40556737230297185
826	0.3725328921012037
827	0.3614358554585432
828	0.35437847561067815
829	0.346303522951353
830	0.32333945110859386
831	0.3192997943137983
832	0.3417281807833709
833	0.2952055159025531
834	0.2901629335755234
835	0.28612327678072785
836	0.25211942449431385
837	0.21504528749775015
838	0.16177841336811088
839	0.17114733718003108
840	0.1815367037985659
841	0.17346467667147486
842	0.14882122606653758
843	0.1649458941595538
844	0.16090623736475823
845	0.17464340306779724
846	0.1869759922307255
847	0.1966955851223043
848	0.19265592832750875
849	0.24273075312360923
850	0.25176497727576164
851	0.2628620139184222
852	0.23639397065405396
853	0.22667437776247518
854	0.24533386639441607
855	0.29135801567866226
856	0.30347262513278295
857	0.342823574888211
858	0.342823574888211
859	0.301993500903987
860	0.2818845413938734
861	0.285924198188669
862	0.28857176395315676
863	0.2805191229872316
864	0.3293441464251228
865	0.31560698072208376
866	0.30327439155915553
867	0.2935547986675767
868	0.3296633362019593
869	0.2755488546110632
870	0.26026680973020405
871	0.3020919525325717
872	0.33544560256479083
873	0.37876128825803257
874	0.35302977249900064
875	0.31672521610633325
876	0.3249776439222618
877	0.28966635096162935
878	0.3296405399484964
879	0.33228810571298417
880	0.33632776250777974
881	0.33228810571298417
882	0.3306405399484964
883	0.3646874109049173
884	0.33223463342474985
885	0.3362742902195454
886	0.33223463342474985
887	0.3443492428788706
888	0.3300641961976932
889	0.3300641961976932
890	0.3524841843064222
891	0.29956200486139395
892	0.27024801162397044
893	0.23400435305781975
894	0.2410763801849108
895	0.24347139674745272
896	0.27615383490030004
897	0.2721141781055045
898	0.23213998911863745
899	0.2441648772481897
900	0.24012522045339413
901	0.2651210183616205
902	0.2641210183616205
903	0.22604177707290413
904	0.22178414056930107
905	0.241671179296319
906	0.24874320642341002
907	0.25495091019195815
908	0.2428470122303318
909	0.24991903935742282
910	0.24442282202982918
911	0.27888192941278833
912	0.2819142997450838
913	0.27484227261799277
914	0.31401118073955325
915	0.30189657128543257
916	0.2488470958625359
917	0.2649717639555521
918	0.2690114207503477
919	0.2593815491833374
920	0.2593815491833374
921	0.234385751275111
922	0.22731372414801995
923	0.25291929541287417
924	0.2611717232288028
925	0.23724502770698924
926	0.2605411783741566
927	0.24625852194628325
928	0.2705427813411184
929	0.2884665521222538
930	0.267510411008823
931	0.2473711514816616
932	0.2500187172461494
933	0.2570907443732404
934	0.22296441857870963
935	0.2270040753735052
936	0.23407610250059624
937	0.2343236803653038
938	0.2670737667192752
939	0.31278308584355735
940	0.3168227426383529
941	0.3438821627922538
942	0.39375224222064076
943	0.36410701416099095
944	0.34373997689094166
945	0.3477796336857372
946	0.32448348301856994
947	0.3720385241614145
948	0.37366334496283937
949	0.3607821565087337
950	0.3950694933347131
951	0.38074964547891527
952	0.3831446620414572
953	0.3801122917091617
954	0.37203733904983655
955	0.37203733904983655
956	0.4180147873456422
957	0.44220644761087496
958	0.4054167044621081
959	0.3738761090061823
960	0.3698364522113867
961	0.3498490591845769
962	0.3161036478492062
963	0.32014330464400176
964	0.3312403412866623
965	0.3677297166882602
966	0.3923731672931975
967	0.34077846935555745
968	0.33915364855413255
969	0.3719483528366868
970	0.3336213592159119
971	0.3554448500691171
972	0.34333024061499634
973	0.37243279406868146
974	0.4301303029769249
975	0.4695267084990996
976	0.43079708093200075
977	0.440848888661141
978	0.47256436639316934
979	0.4462810332706922
980	0.4462810332706922
981	0.46567704940796933
982	0.4495523813149531
983	0.44551272452015755
984	0.45850384123719257
985	0.41797480904079903
986	0.3902989881035663
987	0.41676703136793447
988	0.4156484180187315
989	0.3707391042820564
990	0.3965338619294669
991	0.3747103710762617
992	0.38682498053038245
993	0.35368277028190176
994	0.29194560457886276
995	0.2525491990566881
996	0.24226900799568588
997	0.19165329404358894
998	0.17631006226928447
999	0.17631006226928447
1000	0.2027781055336527
1001	0.1884246717234052
1002	0.21368708285589916
1003	0.21772673965069472
1004	0.1936385862909992
1005	0.20473562293365974
1006	0.20069596613886417
1007	0.182299950001587
1008	0.16952367057448964
1009	0.1878198531195008
1010	0.16606475226688588
1011	0.17313677939397693
1012	0.16102216993985616
1013	0.18749021320422438
1014	0.18749021320422438
1015	0.18749021320422438
1016	0.21852412940362367
1017	0.21852412940362367
1018	0.22714768135412627
1019	0.22714768135412627
1020	0.20067963808975806
1021	0.19260468543043288
1022	0.2041090950983177
1023	0.20978903119510095
1024	0.216861058322192
1025	0.209803678474327
1026	0.21687570560141803
1027	0.22312352633012478
1028	0.2141116034626717
1029	0.1998550777124561
1030	0.21218766687538432
1031	0.2194354876040911
1032	0.2358077335618149
1033	0.2358077335618149
1034	0.27717174414316337
1035	0.27717174414316337
1036	0.24209817114896853
1037	0.2812822253774156
1038	0.27002359317222824
1039	0.3409754234945365
1040	0.3830486553049453
1041	0.3830486553049453
1042	0.35837887114722705
1043	0.36503152421337204
1044	0.36503152421337204
1045	0.3707114603101553
1046	0.3707114603101553
1047	0.36043126924915303
1048	0.3772061418578919
1049	0.4329043063219988
1050	0.4205717171590705
1051	0.4159714621948515
1052	0.4526486916600244
1053	0.44555289435337997
1054	0.40418888377203155
1055	0.4352227999714309
1056	0.43926245676622644
1057	0.4000784025377794
1058	0.38634123683474036
1059	0.315389406512432
1060	0.30503165243405156
1061	0.32805141579315683
1062	0.33769886017162737
1063	0.32536627100869914
1064	0.3182942438816081
1065	0.3085746509900293
1066	0.30150262386293825
1067	0.2974629670681427
1068	0.30130653554877157
1069	0.25588856214566696
1070	0.27972081460227083
1071	0.27404087850548764
1072	0.2549952553690049
1073	0.24269503653837213
1074	0.2524146294299509
1075	0.22441308356284706
1076	0.22441308356284706
1077	0.2427092661078582
1078	0.2427092661078582
1079	0.27058117535925763
1080	0.23886569762722934
1081	0.21180627747332847
1082	0.19006179645219742
1083	0.18602213965740186
1084	0.19711917630006243
1085	0.24535915372531675
1086	0.24535915372531675
1087	0.24535915372531675
1088	0.2525442411706153
1089	0.25833335282493114
1090	0.2304614435735317
1091	0.26849501858914493
1092	0.23449116630273098
1093	0.22741913917563994
1094	0.22741913917563994
1095	0.2655661849347736
1096	0.261526528139978
1097	0.2842817862157941
1098	0.30773156589525813
1099	0.29197426609797944
1100	0.296013922892775
1101	0.3057335157843538
1102	0.34080708877854865
1103	0.38288032058895743
1104	0.38589789340041764
1105	0.34875495261782385
1106	0.40832713366979245
1107	0.4204417431239132
1108	0.39126077083816513
1109	0.3808714042196303
1110	0.38794343134672127
1111	0.356967236178973
1112	0.36668682907055183
1113	0.36668682907055183
1114	0.3610068929737686
1115	0.33923759976700796
1116	0.3513522092211287
1117	0.3173727957273925
1118	0.345160852650536
1119	0.3703314190094448
1120	0.3703314190094448
1121	0.3767364942108822
1122	0.35275995785934783
1123	0.31068672604893904
1124	0.3379094352194492
1125	0.3268123985767887
1126	0.26724021752482
1127	0.2648452009622781
1128	0.2551256080706993
1129	0.28393919247851535
1130	0.30031694503088835
1131	0.32333985557032596
1132	0.3176599194735427
1133	0.3216995762683383
1134	0.33197976732934054
1135	0.3156020147769675
1136	0.3385609783170416
1137	0.3755534961514852
1138	0.3243156595488777
1139	0.32922529152738034
1140	0.341310302825601
1141	0.32518563473258477
1142	0.31408859808992423
1143	0.3181282548847198
1144	0.2767909362600889
1145	0.2929156043531051
1146	0.29695526114790066
1147	0.28723566825632185
1148	0.31068544793578595
1149	0.2761919274311867
1150	0.2670619956075204
1151	0.245056657879543
1152	0.24101700108474744
1153	0.25710447774983913
1154	0.25489923934816205
1155	0.26419945817879487
1156	0.2791338764851396
1157	0.25899602704541846
1158	0.25899602704541846
1159	0.2496864581910973
1160	0.2644389462636818
1161	0.2644389462636818
1162	0.30034542221115706
1163	0.3185889826992735
1164	0.34600201403556824
1165	0.329877345942552
1166	0.3395748548507954
1167	0.35389470270659323
1168	0.34255953248124993
1169	0.3817840207976929
1170	0.3715038297366907
1171	0.4195362565453955
1172	0.4575446316934938
1173	0.4374174982336065
1174	0.42530288877948574
1175	0.45161120399145
1176	0.40160321269091037
1177	0.42044905769710345
1178	0.46849368641183115
1179	0.43560844747462013
1180	0.4230274738540306
1181	0.4230274738540306
1182	0.3951930250336464
1183	0.41568234827874095
1184	0.39534134406953725
1185	0.4447634165353467
1186	0.43506590762710323
1187	0.43749328411323996
1188	0.454590615241262
1189	0.4183984972571144
1190	0.42243086758940984
1191	0.3663234881213799
1192	0.3323547697680772
1193	0.3855989220309821
1194	0.42693624065561303
1195	0.384255679485925
1196	0.406538896768837
1197	0.3734859491324093
1198	0.3587949704499006
1199	0.4074807759170138
1200	0.3891845933720027
1201	0.39322425016679824
1202	0.41436416362184997
1203	0.382688659736504
1204	0.37965628940420854
1205	0.33730624406549015
1206	0.3470037529737336
1207	0.33429618542659467
1208	0.30508424484445185
1209	0.3077318106089396
1210	0.2996597834818486
1211	0.295620126687053
1212	0.30130006278383625
1213	0.2601705199750521
1214	0.2369578694434374
1215	0.24402989657052845
1216	0.23606652714341422
1217	0.2555588748339782
1218	0.257278797795954
1219	0.25439890301775564
1220	0.25439890301775564
1221	0.2614562828656206
1222	0.2419639351750566
1223	0.25733494179676425
1224	0.27004250934390317
1225	0.2997373030171909
1226	0.29307216444124295
1227	0.31238657965439753
1228	0.32210617254597634
1229	0.3342100705076027
1230	0.3342100705076027
1231	0.3382497273023983
1232	0.32853013441081946
1233	0.32045518175149434
1234	0.3094025407855691
1235	0.3402300730174062
1236	0.3672475437862393
1237	0.34207525999889205
1238	0.3478485986878675
1239	0.30608234479374824
1240	0.3243785273387594
1241	0.3173211474908944
1242	0.31164121139411116
1243	0.28517316812974297
1244	0.279522980430469
1245	0.24275615963009028
1246	0.24275615963009028
1247	0.26297433916475393
1248	0.27499922729430615
1249	0.302042955770981
1250	0.3511156505226637
1251	0.3613958415836659
1252	0.3953996938700799
1253	0.44357631471009895
1254	0.43650428758300797
1255	0.39860472822407983
1256	0.40070347191641914
1257	0.40070347191641914
1258	0.36957615312482767
1259	0.38685360086502646
1260	0.388666377830129
1261	0.3846267210353334
1262	0.39490691209633566
1263	0.4446758340373469
1264	0.43357879739468635
1265	0.4536877569048
1266	0.47448763902910845
1267	0.49169732225503154
1268	0.5105167474568572
1269	0.4616495281269771
1270	0.4457190436237751
1271	0.4505263292278646
1272	0.4592950174694571
1273	0.40707873983464243
1274	0.4151507669617335
1275	0.4151507669617335
1276	0.386034552500561
1277	0.393091932348426
1278	0.38337233945684723
1279	0.3620552349218528
1280	0.34598593220653473
1281	0.37770140993856305
1282	0.3633815620827653
1283	0.3488953013034984
1284	0.3902326199281293
1285	0.3822382698721364
1286	0.3806496937432141
1287	0.3198677589746771
1288	0.29967089002176983
1289	0.3093904829133486
1290	0.28332029979195894
1291	0.2641931663320717
1292	0.2585196509961801
1293	0.2585196509961801
1294	0.25044762386908903
1295	0.2966885591177405
1296	0.2864083680567383
1297	0.30572632382906734
1298	0.3595046722859422
1299	0.38124915330707326
1300	0.38124915330707326
1301	0.356605702702136
1302	0.36632529559371474
1303	0.33104263443197035
1304	0.30402516366313725
1305	0.3082828001667403
1306	0.2890714941713542
1307	0.303391342027152
1308	0.2830243047571027
1309	0.3223774066172066
1310	0.3193450362849111
1311	0.3193450362849111
1312	0.3082018331992465
1313	0.3245740791569703
1314	0.3245740791569703
1315	0.3151228870570857
1316	0.3481573672588538
1317	0.33603855738887534
1318	0.29863245488972423
1319	0.28092763066338877
1320	0.3100301841170739
1321	0.30295815698998285
1322	0.30295815698998285
1323	0.3264079366694469
1324	0.3623471178432777
1325	0.3837673080516253
1326	0.3968042404346479
1327	0.3824843925788501
1328	0.4047676098617622
1329	0.3556949151100795
1330	0.3556949151100795
1331	0.36780952456420024
1332	0.38462624298575643
1333	0.39871696109938226
1334	0.4703748039460032
1335	0.4335850607972363
1336	0.41661988331078625
1337	0.39832370076577506
1338	0.394066064262172
1339	0.394066064262172
1340	0.3609238540136913
1341	0.3609238540136913
1342	0.3952688060836472
1343	0.42221265306358713
1344	0.3790256511610496
1345	0.3741184539321892
1346	0.3946949446433566
1347	0.4275801835805676
1348	0.4093366230924511
1349	0.44114718996108004
1350	0.4371075331662845
1351	0.4249929237121638
1352	0.394334992638278
1353	0.3638720285669283
1354	0.2992862128473985
1355	0.30332586964219405
1356	0.29028893725917143
1357	0.29028893725917143
1358	0.3073862683871935
1359	0.325091092613529
1360	0.32913074940832454
1361	0.3331704062031201
1362	0.2891058612415855
1363	0.2387122345821814
1364	0.251749166965204
1365	0.21886392802799307
1366	0.19029308726083277
1367	0.15740784832362179
1368	0.15336819152882622
1369	0.12155762466019729
1370	0.1555614769466113
1371	0.18086561621950653
1372	0.18707331998805465
1373	0.18707331998805465
1374	0.1800012928609636
1375	0.19233388202389187
1376	0.18526185489680086
1377	0.18526185489680086
1378	0.15604991431465803
1379	0.134305433293527
1380	0.13026577649873144
1381	0.12622611970393588
1382	0.12622611970393588
1383	0.12622611970393588
1384	0.11015681698861779
1385	0.11015681698861779
1386	0.11441445349222086
1387	0.11441445349222086
1388	0.11845411028701643
1389	0.11845411028701643
1390	0.08848991479539799
1391	0.06318577552250275
1392	0.04486346229983387
1393	0.04486346229983387
1394	0.04486346229983387
1395	0.02849121634211006
1396	0.02849121634211006
1397	0.02849121634211006
1398	0.02849121634211006
1399	0.03253087313690562
1400	0.03253087313690562
1401	0.03253087313690562
1402	0.03253087313690562
1403	0.03253087313690562
1404	0.02849121634211006
1405	0.02849121634211006
1406	0.012118970384386247
1407	0.012118970384386247
1408	0.034547356853958905
1409	0.034547356853958905
1410	0.05837960931056281
1411	0.05837960931056281
1412	0.05837960931056281
1413	0.05837960931056281
1414	0.05837960931056281
1415	0.06241926610535836
1416	0.06241926610535836
1417	0.06241926610535836
1418	0.06241926610535836
1419	0.05837960931056281
1420	0.06241926610535836
1421	0.08424275695856351
1422	0.08424275695856351
1423	0.08828241375335907
1424	0.08828241375335907
1425	0.08828241375335907
1426	0.08828241375335907
1427	0.08828241375335907
1428	0.061814370488990855
1429	0.061814370488990855
1430	0.0339424612375914
1431	0.0339424612375914
1432	0.0339424612375914
1433	0.0339424612375914
1434	0.0631544018197342
1435	0.059114745024938645
1436	0.059114745024938645
1437	0.059114745024938645
1438	0.059114745024938645
1439	0.059114745024938645
1440	0.055075088230143086
1441	0.03325159737693794
1442	0.03325159737693794
1443	0.02921194058214238
1444	0.02921194058214238
1445	0.02921194058214238
1446	0.02921194058214238
1447	0.02921194058214238
1448	0.02921194058214238
1449	0.02921194058214238
1450	0.02921194058214238
1451	0.02921194058214238
1452	0.02921194058214238
1453	0.02921194058214238
1454	0.004039656794795143
1455	0.004039656794795143
1456	0.004039656794795143
1457	0.004039656794795143
1458	0.004039656794795143
1459	0.004039656794795143
1460	0.008079313589590702
1461	0.008079313589590702
1462	0.008079313589590702
1463	0.008079313589590702
1464	0.008079313589590702
1465	0.04864321981254734
1466	0.04864321981254734
1467	0.04864321981254734
1468	0.04864321981254734
1469	0.04864321981254734
1470	0.04864321981254734
1471	0.04864321981254734
1472	0.04864321981254734
1473	0.07913523504836736
1474	0.07913523504836736
1475	0.07913523504836736
1476	0.08317489184316293
1477	0.08317489184316293
1478	0.08317489184316293
1479	0.08317489184316293
1480	0.07913523504836736
1481	0.08885482793994617
1482	0.08885482793994617
1483	0.08885482793994617
1484	0.08885482793994617
1485	0.04829092171698954
1486	0.04829092171698954
1487	0.052330578511785096
1488	0.052330578511785096
1489	0.056370235306580654
1490	0.056370235306580654
1491	0.056370235306580654
1492	0.056370235306580654
1493	0.025878220070760634
1494	0.021838563275965072
1495	0.021838563275965072
1496	0.017798906481169514
1497	0.017798906481169514
1498	0.017798906481169514
1499	0.027518499372748324
1500	0.027518499372748324
1501	0.029913515935290253
1502	0.029913515935290253
1503	0.029913515935290253
1504	0.029913515935290253
1505	0.029913515935290253
1506	0.029913515935290253
1507	0.032945886267585725
1508	0.045060495721706464
1509	0.041020838926910906
1510	0.041020838926910906
1511	0.041020838926910906
1512	0.061129798437024555
1513	0.061129798437024555
1514	0.061129798437024555
1515	0.061129798437024555
1516	0.061129798437024555
1517	0.061129798437024555
1518	0.08457957811648861
1519	0.08193201235200084
1520	0.08193201235200084
1521	0.0698174028978801
1522	0.0698174028978801
1523	0.0698174028978801
1524	0.0698174028978801
1525	0.0698174028978801
1526	0.0698174028978801
1527	0.06274537577078906
1528	0.05063076631666833
1529	0.05063076631666833
1530	0.06700301227439213
1531	0.11166168519328497
1532	0.09155272568317133
1533	0.09155272568317133
1534	0.10366733513729207
1535	0.10366733513729207
1536	0.10770699193208763
1537	0.10770699193208763
1538	0.08425721225262357
1539	0.07718518512553255
1540	0.07718518512553255
1541	0.07718518512553255
1542	0.09150503298133035
1543	0.0955446897761259
1544	0.0955446897761259
1545	0.0955446897761259
1546	0.10261671690321694
1547	0.10261671690321694
1548	0.10261671690321694
1549	0.10261671690321694
1550	0.08624447094549312
1551	0.041585798026600285
1552	0.041585798026600285
1553	0.041585798026600285
1554	0.033510845367275104
1555	0.04058287249436614
1556	0.03654321569957058
1557	0.03654321569957058
1558	0.03654321569957058
1559	0.03654321569957058
1560	0.03654321569957058
1561	0.03654321569957058
1562	0.022223367843772768
1563	0.01818371104897721
1564	0.01818371104897721
1565	0.022223367843772768
1566	0.015151340716681732
1567	0.015151340716681732
1568	0.015151340716681732
1569	0.027265950170802473
1570	0.027265950170802473
1571	0.027265950170802473
1572	0.027265950170802473
1573	0.027265950170802473
1574	0.08856386755100452
1575	0.0814918404239135
1576	0.0814918404239135
1577	0.0814918404239135
1578	0.0814918404239135
1579	0.0814918404239135
1580	0.0814918404239135
1581	0.0814918404239135
1582	0.0814918404239135
1583	0.0814918404239135
1584	0.0814918404239135
1585	0.07745218362911795
1586	0.07745218362911795
1587	0.0814918404239135
1588	0.0814918404239135
1589	0.06937723096979276
1590	0.06937723096979276
1591	0.07341688776458831
1592	0.07341688776458831
1593	0.07341688776458831
1594	0.008079313589590697
1595	0.008079313589590697
1596	0.008079313589590697
1597	0.008079313589590697
1598	0.008079313589590697
1599	0.012118970384386257
1600	0.012118970384386257
1601	0.012118970384386257
1602	0.012118970384386257
1603	0.012118970384386257
1604	0.012118970384386257
1605	0.012118970384386257
1606	0.012118970384386257
1607	0.008079313589590697
1608	0.008079313589590697
1609	0.008079313589590697
1610	0.008079313589590697
1611	0.0040396567947951385
1612	0.0040396567947951385
1613	0.0040396567947951385
1614	0.0040396567947951385
1615	0.0040396567947951385
1616	0.0040396567947951385
1617	0.04111379379135882
1618	0.04515345058615438
1619	0.04111379379135882
1620	0.04111379379135882
1621	0.048185820918449855
1622	0.048185820918449855
1623	0.048185820918449855
1624	0.048185820918449855
1625	0.048185820918449855
1626	0.048185820918449855
1627	0.048185820918449855
1628	0.05222547771324541
1629	0.05222547771324541
1630	0.05222547771324541
1631	0.05222547771324541
1632	0.05222547771324541
1633	0.05222547771324541
1634	0.05222547771324541
1635	0.05222547771324541
1636	0.05626513450804097
1637	0.019190997511477285
1638	0.015151340716681727
1639	0.015151340716681727
1640	0.015151340716681727
1641	0.008079313589590693
1642	0.008079313589590693
1643	0.008079313589590693
1644	0.008079313589590693
1645	0.008079313589590693
1646	0.008079313589590693
1647	0.008079313589590693
1648	0.022335839339806294
1649	0.022335839339806294
1650	0.022335839339806294
1651	0.022335839339806294
1652	0.022335839339806294
1653	0.022335839339806294
1654	0.0540513170718346
1655	0.0540513170718346
1656	0.05001166027703905
1657	0.05001166027703905
1658	0.05001166027703905
1659	0.05001166027703905
1660	0.05001166027703905
1661	0.05001166027703905
1662	0.05001166027703905
1663	0.05001166027703905
1664	0.05001166027703905
1665	0.05001166027703905
1666	0.05001166027703905
1667	0.05001166027703905
1668	0.03171547773202789
1669	0.035755134526823454
1670	0.035755134526823454
1671	0.03979479132161901
1672	0.03979479132161901
1673	0.03979479132161901
1674	0.008079313589590704
1675	0.012118970384386262
1676	0.012118970384386262
1677	0.012118970384386262
1678	0.012118970384386262
1679	0.012118970384386262
1680	0.012118970384386262
1681	0.012118970384386262
1682	0.012118970384386262
1683	0.012118970384386262
1684	0.012118970384386262
1685	0.012118970384386262
1686	0.012118970384386262
1687	0.020190997511477297
1688	0.020190997511477297
1689	0.016151340716681735
1690	0.016151340716681735
1691	0.012111683921886177
1692	0.012111683921886177
1693	0.012111683921886177
1694	0.02183127681346499
1695	0.017791620018669428
1696	0.017791620018669428
1697	0.017791620018669428
1698	0.017791620018669428
1699	0.02183127681346499
1700	0.02183127681346499
1701	0.02183127681346499
1702	0.02183127681346499
1703	0.02183127681346499
1704	0.02183127681346499
1705	0.02587093360826055
1706	0.02587093360826055
1707	0.03211875433696733
1708	0.03615841113176289
1709	0.03615841113176289
1710	0.03615841113176289
1711	0.03615841113176289
1712	0.03615841113176289
1713	0.03615841113176289
1714	0.026438818240184077
1715	0.026438818240184077
1716	0.026438818240184077
1717	0.026438818240184077
1718	0.026438818240184077
1719	0.022399161445388515
1720	0.022399161445388515
1721	0.022399161445388515
1722	0.022399161445388515
1723	0.022399161445388515
1724	0.022399161445388515
1725	0.028079097542171767
1726	0.036151124669262805
1727	0.02183127681346499
1728	0.017791620018669428
1729	0.017791620018669428
1730	0.017791620018669428
1731	0.017791620018669428
1732	0.017791620018669428
1733	0.017791620018669428
1734	0.017791620018669428
1735	0.017791620018669428
1736	0.017791620018669428
1737	0.02183127681346499
1738	0.02183127681346499
1739	0.02183127681346499
1740	0.02183127681346499
1741	0.02183127681346499
1742	0.02183127681346499
1743	0.02183127681346499
1744	0.02183127681346499
1745	0.012111683921886178
1746	0.004039656794795145
1747	0.004039656794795145
1748	0.004039656794795145
1749	0.004039656794795145
1750	0.004039656794795145
1751	0.004039656794795145
1752	0.004039656794795145
1753	0.004039656794795145
1754	0.004039656794795145
1755	0.004039656794795145
1756	0.02586314764800029
1757	0.02182349085320473
1758	0.02586314764800029
1759	0.02586314764800029
1760	0.02586314764800029
1761	0.02586314764800029
1762	0.02586314764800029
1763	0.02586314764800029
1764	0.02586314764800029
1765	0.02586314764800029
1766	0.02586314764800029
1767	0.04415933019301145
1768	0.04415933019301145
1769	0.07587480792503976
1770	0.07587480792503976
1771	0.07587480792503976
1772	0.07587480792503976
1773	0.07587480792503976
1774	0.07587480792503976
1775	0.07991446471983531
1776	0.05809097386663016
1777	0.05809097386663016
1778	0.0540513170718346
1779	0.0540513170718346
1780	0.0540513170718346
1781	0.0540513170718346
1782	0.0540513170718346
1783	0.06377090996341342
1784	0.06377090996341342
1785	0.06781056675820897
1786	0.06781056675820897
1787	0.04951438421319781
1788	0.04951438421319781
1789	0.017798906481169503
1790	0.017798906481169503
1791	0.017798906481169503
1792	0.017798906481169503
1793	0.017798906481169503
1794	0.017798906481169503
1795	0.04664448862358492
1796	0.04664448862358492
1797	0.04664448862358492
1798	0.04664448862358492
1799	0.04664448862358492
1800	0.04664448862358492
1801	0.04664448862358492
1802	0.04664448862358492
1803	0.03692489573200611
1804	0.04664448862358492
1805	0.04260483182878936
1806	0.04664448862358492
1807	0.04664448862358492
1808	0.04664448862358492
1809	0.05371651575067595
1810	0.07008876170839977
1811	0.07008876170839977
1812	0.07008876170839977
1813	0.07008876170839977
1814	0.07008876170839977
1815	0.037203522771188796
1816	0.037203522771188796
1817	0.037203522771188796
1818	0.037203522771188796
1819	0.037203522771188796
1820	0.037203522771188796
1821	0.037203522771188796
1822	0.037203522771188796
1823	0.037203522771188796
1824	0.027483929879609986
1825	0.027483929879609986
1826	0.023444273084814428
1827	0.023444273084814428
1828	0.023444273084814428
1829	0.01637224595772339
1830	-4.2188474935755947e-16
1831	-4.2188474935755947e-16
1832	-4.2188474935755947e-16
1833	-4.2188474935755947e-16
1834	-4.2188474935755947e-16
1835	-4.2188474935755947e-16
1836	-4.2188474935755947e-16
1837	-4.2188474935755947e-16
1838	-4.2188474935755947e-16
1839	-4.2188474935755947e-16
1840	-4.2188474935755947e-16
1841	0.041051440620826773
1842	0.041051440620826773
1843	0.041051440620826773
1844	0.041051440620826773
1845	0.04812346774791781
1846	0.04812346774791781
1847	0.052163124542713366
1848	0.09443163933561777
1849	0.09443163933561777
1850	0.09443163933561777
1851	0.10415123222719658
1852	0.10415123222719658
1853	0.10415123222719658
1854	0.10415123222719658
1855	0.10415123222719658
1856	0.10415123222719658
1857	0.10415123222719658
1858	0.10415123222719658
1859	0.10415123222719658
1860	0.10415123222719658
1861	0.06309979160636939
1862	0.06309979160636939
1863	0.07741963946216719
1864	0.07741963946216719
1865	0.07034761233507617
1866	0.07034761233507617
1867	0.07842256499440134
1868	0.036154050201496944
1869	0.0401937069962925
1870	0.0401937069962925
1871	0.03451377089950926
1872	0.03451377089950926
1873	0.03451377089950926
1874	0.03451377089950926
1875	0.056337261752714404
1876	0.07270950771043823
1877	0.07270950771043823
1878	0.08908175366816204
1879	0.08908175366816204
1880	0.1318542941961686
1881	0.1318542941961686
1882	0.1318542941961686
1883	0.11753444634037077
1884	0.11753444634037077
1885	0.11753444634037077
1886	0.11753444634037077
1887	0.10541983688625003
1888	0.10541983688625003
1889	0.10541983688625003
1890	0.1094594936810456
1891	0.11513942977782884
1892	0.11513942977782884
1893	0.11513942977782884
1894	0.11513942977782884
1895	0.09331593892462371
1896	0.07694369296689989
1897	0.07694369296689989
1898	0.06057144700917607
1899	0.06057144700917607
1900	0.017798906481169535
1901	0.017798906481169535
1902	0.03191351593529027
1903	0.03191351593529027
1904	0.03191351593529027
1905	0.055363295614754324
1906	0.055363295614754324
1907	0.06747790506887506
1908	0.06747790506887506
1909	0.06343824827407951
1910	0.05939859147928396
1911	0.0537186553825007
1912	0.0537186553825007
1913	0.0537186553825007
1914	0.06745582108553971
1915	0.09666776166768251
1916	0.09666776166768251
1917	0.13276416641205063
1918	0.13276416641205063
1919	0.13276416641205063
1920	0.13276416641205063
1921	0.13276416641205063
1922	0.11864955695792992
1923	0.11864955695792992
1924	0.11864955695792992
1925	0.11864955695792992
1926	0.11864955695792992
1927	0.10653494750380917
1928	0.10653494750380917
1929	0.1283584383570143
1930	0.13807803124859314
1931	0.13403837445379757
1932	0.1781029194153322
1933	0.1781029194153322
1934	0.16840541050708877
1935	0.1555657158826698
1936	0.1555657158826698
1937	0.11946931113830166
1938	0.1395782706484153
1939	0.1395782706484153
1940	0.1395782706484153
1941	0.1395782706484153
1942	0.1395782706484153
1943	0.14665029777550634
1944	0.14665029777550634
1945	0.12320051809604227
1946	0.1450240089492474
1947	0.1450240089492474
1948	0.1593438568050452
1949	0.13752036595184008
1950	0.12780077306026125
1951	0.12780077306026125
1952	0.08373622809872662
1953	0.12359028217997578
1954	0.11955062538518021
1955	0.12328733893757005
1956	0.12328733893757005
1957	0.1313593660646611
1958	0.11125040655454743
1959	0.11125040655454743
1960	0.13307389740775258
1961	0.16228583798989538
1962	0.16228583798989538
1963	0.1592534676575999
1964	0.19096894538962822
1965	0.21271342641075924
1966	0.19088993555755412
1967	0.19088993555755412
1968	0.18628968059333512
1969	0.18628968059333512
1970	0.18628968059333512
1971	0.18628968059333512
1972	0.20060952844913293
1973	0.16479513116267933
1974	0.16479513116267933
1975	0.14468617165256567
1976	0.14468617165256567
1977	0.13661414452547466
1978	0.13661414452547466
1979	0.13661414452547466
1980	0.11479065367226951
1981	0.08961836988492225
1982	0.08961836988492225
1983	0.09365074021721773
1984	0.06193526248518942
1985	0.05230539091817913
1986	0.05937741804527016
1987	0.05937741804527016
1988	0.04965782515369135
1989	0.05937741804527016
1990	0.10491021598539789
1991	0.10491021598539789
1992	0.09463002492439564
1993	0.1170584113939683
1994	0.1170584113939683
1995	0.1170584113939683
1996	0.12109806818876387
1997	0.12109806818876387
1998	0.12109806818876387
1999	0.12109806818876387
2000	0.12109806818876387
2001	0.1170584113939683
2002	0.1170584113939683
2003	0.10898638426687728
2004	0.11302604106167284
2005	0.10091143160755209
2006	0.09383940448046106
2007	0.09383940448046106
2008	0.09383940448046106
2009	0.08411981158888225
2010	0.06505505691312273
2011	0.06505505691312273
2012	0.06101540011832718
2013	0.03858701364875452
2014	0.07421568673659337
2015	0.07421568673659337
2016	0.07017602994179782
2017	0.07017602994179782
2018	0.07724805706888885
2019	0.08432008419597989
2020	0.08432008419597989
2021	0.08835974099077544
2022	0.10846870050088908
2023	0.11250835729568465
2024	0.10846870050088908
2025	0.15670867792614346
2026	0.15670867792614346
2027	0.15670867792614346
2028	0.15670867792614346
2029	0.17681763743625709
2030	0.15034959417188887
2031	0.15034959417188887
2032	0.15034959417188887
2033	0.1463099373770933
2034	0.12705351024697825
2035	0.12705351024697825
2036	0.13109316704177382
2037	0.14081275993335265
2038	0.13374073280626161
2039	0.1266687056791706
2040	0.1266687056791706
2041	0.12262904888437502
2042	0.10252008937426138
2043	0.09848043257946583
2044	0.09848043257946583
2045	0.05024045515421147
2046	0.05024045515421147
2047	0.05024045515421147
2048	0.05024045515421147
2049	0.03417115243889339
2050	0.03417115243889339
2051	0.03417115243889339
2052	0.03417115243889339
2053	0.03417115243889339
2054	0.017798906481169573
2055	0.02487093360826061
2056	0.020831276813465048
2057	0.029407866466897397
2058	0.03344752326169296
2059	0.03344752326169296
2060	0.03344752326169296
2061	0.04776737111749077
2062	0.04776737111749077
2063	0.04776737111749077
2064	0.04776737111749077
2065	0.04776737111749077
2066	0.05180702791228633
2067	0.05180702791228633
2068	0.05180702791228633
2069	0.04776737111749077
2070	0.04776737111749077
2071	0.04776737111749077
2072	0.04776737111749077
2073	0.09740609381688119
2074	0.09740609381688119
2075	0.09740609381688119
2076	0.10144575061167675
2077	0.0831495680666656
2078	0.0831495680666656
2079	0.0831495680666656
2080	0.0831495680666656
2081	0.06882972021086779
2082	0.06882972021086779
2083	0.06882972021086779
2084	0.06882972021086779
2085	0.06882972021086779
2086	0.06479006341607224
2087	0.06479006341607224
2088	0.06479006341607224
2089	0.06479006341607224
2090	0.06479006341607224
2091	0.07450965630765105
2092	0.07450965630765105
2093	0.02487093360826063
2094	0.044979893118374276
2095	0.044979893118374276
2096	0.04094023632357872
2097	0.049012263450669745
2098	0.04497260665587419
2099	0.05204463378296522
2100	0.06415924323708597
2101	0.06415924323708597
2102	0.06415924323708597
2103	0.06819890003188152
2104	0.06819890003188152
2105	0.06819890003188152
2106	0.07791849292346033
2107	0.07791849292346033
2108	0.07791849292346033
2109	0.09974198377666547
2110	0.09974198377666547
2111	0.09002239088508666
2112	0.11832692353682406
2113	0.11832692353682406
2114	0.09821796402671042
2115	0.09114593689961939
2116	0.09114593689961939
2117	0.08307390977252835
2118	0.08307390977252835
2119	0.07600188264543732
2120	0.06792692998611213
2121	0.06792692998611213
2122	0.06792692998611213
2123	0.06388727319131658
2124	0.06388727319131658
2125	0.06388727319131658
2126	0.061239707426828806
2127	0.061239707426828806
2128	0.061239707426828806
2129	0.03941621657362366
2130	0.03941621657362366
2131	0.03941621657362366
2132	0.06040243578083224
2133	0.06040243578083224
2134	0.06040243578083224
2135	0.06040243578083224
2136	0.06040243578083224
2137	0.06040243578083224
2138	0.06040243578083224
2139	0.06040243578083224
2140	0.056362778986036685
2141	0.056362778986036685
2142	0.056362778986036685
2143	0.056362778986036685
2144	0.07465896153104785
2145	0.07465896153104785
2146	0.07730652729553564
2147	0.07730652729553564
2148	0.07730652729553564
2149	0.07730652729553564
2150	0.07730652729553564
2151	0.08134618409033119
2152	0.0320554322313852
2153	0.0320554322313852
2154	0.0320554322313852
2155	0.10339002300643267
2156	0.10339002300643267
2157	0.10339002300643267
2158	0.10339002300643267
2159	0.10339002300643267
2160	0.1298580662708009
2161	0.15394621963049646
2162	0.15394621963049646
2163	0.15394621963049646
2164	0.13565003708548531
2165	0.13968969388028088
2166	0.16397395327511605
2167	0.17829380113091386
2168	0.17829380113091386
2169	0.2210663416589204
2170	0.2210663416589204
2171	0.21702668486412482
2172	0.21702668486412482
2173	0.21702668486412482
2174	0.21702668486412482
2175	0.15276412121616836
2176	0.16248371410774717
2177	0.16248371410774717
2178	0.16248371410774717
2179	0.16248371410774717
2180	0.17108924383757382
2181	0.14700109047787827
2182	0.1633733364356021
2183	0.1633733364356021
2184	0.17548794588972283
2185	0.21504084768141407
2186	0.1810369953950001
2187	0.17378917466629332
2188	0.17378917466629332
2189	0.17378917466629332
2190	0.17378917466629332
2191	0.17378917466629332
2192	0.17378917466629332
2193	0.17378917466629332
2194	0.18086120179338433
2195	0.17378917466629332
2196	0.16406958177471448
2197	0.16406958177471448
2198	0.18906537968294088
2199	0.19310503647773644
2200	0.15803146348354158
2201	0.16510349061063262
2202	0.1487312446529088
2203	0.1487312446529088
2204	0.13661663519878803
2205	0.09706373340709676
2206	0.09706373340709676
2207	0.08999170628000573
2208	0.08999170628000573
2209	0.0472191657519992
2210	0.06634629921188648
2211	0.06634629921188648
2212	0.07038595600668204
2213	0.07038595600668204
2214	0.063313928879591
2215	0.06735358567438657
2216	0.06735358567438657
2217	0.06735358567438657
2218	0.04235778776616016
2219	0.0383181309713646
2220	0.04235778776616016
2221	0.049605608494866935
2222	0.049605608494866935
2223	0.05364526528966249
2224	0.05364526528966249
2225	0.049605608494866935
2226	0.0978455859201213
2227	0.0978455859201213
2228	0.12431362918448952
2229	0.12431362918448952
2230	0.10518649572460223
2231	0.11490608861618105
2232	0.11793845894847652
2233	0.11793845894847652
2234	0.11793845894847652
2235	0.11389880215368095
2236	0.15855747507257378
2237	0.16259713186736935
2238	0.16259713186736935
2239	0.16259713186736935
2240	0.15855747507257378
2241	0.14423762721677597
2242	0.14423762721677597
2243	0.14423762721677597
2244	0.1539572201083548
2245	0.17406617961846843
2246	0.12582620219321408
2247	0.12582620219321408
2248	0.09935815892884585
2249	0.09935815892884585
2250	0.09935815892884585
2251	0.09367822283206259
2252	0.08660619570497156
2253	0.08660619570497156
2254	0.08660619570497156
2255	0.08660619570497156
2256	0.04598717958087429
2257	0.04194752278607873
2258	0.04194752278607873
2259	0.04598717958087429
2260	0.04598717958087429
2261	0.055706772472453106
2262	0.055706772472453106
2263	0.05166711567765755
2264	0.04194752278607874
2265	0.025878220070760655
2266	0.025878220070760655
2267	0.025878220070760655
2268	0.042250466028484465
2269	0.042250466028484465
2270	0.04629012282328003
2271	0.042250466028484465
2272	0.042250466028484465
2273	0.042250466028484465
2274	0.051970058920063275
2275	0.051970058920063275
2276	0.04793040212526772
2277	0.04793040212526772
2278	0.04793040212526772
2279	0.04389074533047216
2280	0.05762791103351117
2281	0.04790831814193236
2282	0.04790831814193236
2283	0.04790831814193236
2284	0.04790831814193236
2285	0.04790831814193236
2286	0.0741916512644095
2287	0.0741916512644095
2288	0.0578194053066857
2289	0.0578194053066857
2290	0.053779748511890144
2291	0.10496852730929444
2292	0.10900818410409001
2293	0.10900818410409001
2294	0.1257566344768794
2295	0.1257566344768794
2296	0.1257566344768794
2297	0.1257566344768794
2298	0.1257566344768794
2299	0.1257566344768794
2300	0.1449047077110514
2301	0.15462430060263022
2302	0.16434389349420903
2303	0.19355583407635185
2304	0.20327542696793066
2305	0.1992357701731351
2306	0.17295243705065794
2307	0.1769920938454535
2308	0.1769920938454535
2309	0.1769920938454535
2310	0.1769920938454535
2311	0.12580331504804923
2312	0.12176365825325366
2313	0.12176365825325366
2314	0.09529561498888543
2315	0.09529561498888543
2316	0.09933527178368098
2317	0.09933527178368098
2318	0.09933527178368098
2319	0.09933527178368098
2320	0.07048968964126558
2321	0.06077009674968677
2322	0.05105050385810796
2323	0.021838563275965155
2324	0.012118970384386345
2325	0.012118970384386345
2326	0.012118970384386345
2327	0.008079313589590787
2328	0.012118970384386345
2329	0.012118970384386345
2330	0.012118970384386345
2331	0.012118970384386345
2332	0.012118970384386345
2333	0.012118970384386345
2334	0.012118970384386345
2335	0.012118970384386345
2336	0.008079313589590787
2337	0.008079313589590787
2338	0.008079313589590787
2339	0.008079313589590787
2340	0.004039656794795227
2341	0.016154266248915968
2342	0.016154266248915968
2343	0.016154266248915968
2344	0.016154266248915968
2345	0.016154266248915968
2346	0.016154266248915968
2347	0.016154266248915968
2348	0.01211460945412041
2349	0.01211460945412041
2350	0.01211460945412041
2351	0.01211460945412041
2352	0.01211460945412041
2353	0.01211460945412041
2354	0.01211460945412041
2355	0.03393810030732556
2356	0.03393810030732556
2357	0.03393810030732556
2358	0.03393810030732556
2359	0.03393810030732556
2360	0.03393810030732556
2361	0.02182349085320482
2362	0.02182349085320482
2363	0.02182349085320482
2364	0.02182349085320482
2365	0.02182349085320482
2366	0.02182349085320482
2367	0.053538968585233125
2368	0.053538968585233125
2369	0.053538968585233125
2370	0.053538968585233125
2371	0.05757862538002868
2372	0.05757862538002868
2373	0.05757862538002868
2374	0.05757862538002868
2375	0.03575513452682354
2376	0.05405131707183469
2377	0.05405131707183469
2378	0.05405131707183469
2379	0.05405131707183469
2380	0.05405131707183469
2381	0.05405131707183469
2382	0.05405131707183469
2383	0.05405131707183469
2384	0.05405131707183469
2385	0.058090973866630244
2386	0.058090973866630244
2387	0.02637549613460194
2388	0.02637549613460194
2389	0.02637549613460194
2390	0.02637549613460194
2391	0.03205543223138519
2392	0.03205543223138519
2393	0.03205543223138519
2394	0.03205543223138519
2395	0.03205543223138519
2396	0.013759249686374032
2397	0.013759249686374032
2398	0.013759249686374032
2399	0.013759249686374032
2400	0.013759249686374032
2401	0.013759249686374032
2402	0.013759249686374032
2403	0.013759249686374032
2404	0.013759249686374032
2405	0.009719592891578472
2406	0.009719592891578472
2407	0.009719592891578472
2408	0.009719592891578472
2409	0.009719592891578472
2410	0.009719592891578472
2411	-3.400058012914542e-16
2412	0.009719592891578472
2413	0.009719592891578472
2414	0.009719592891578472
2415	0.023456758594617478
2416	0.023456758594617478
2417	0.023456758594617478
2418	0.023456758594617478
2419	0.023456758594617478
2420	0.023456758594617478
2421	0.023456758594617478
2422	0.023456758594617478
2423	0.023456758594617478
2424	0.023456758594617478
2425	0.023456758594617478
2426	0.023456758594617478
2427	0.023456758594617478
2428	0.023456758594617478
2429	0.023456758594617478
2430	0.023456758594617478
2431	0.023456758594617478
2432	0.013737165703038668
2433	0.013737165703038668
2434	0.025851775157159407
2435	0.012114609454120401
2436	0.012114609454120401
2437	0.012114609454120401
2438	0.012114609454120401
2439	0.012114609454120401
2440	0.012114609454120401
2441	0.012114609454120401
2442	0.012114609454120401
2443	0.012114609454120401
2444	0.012114609454120401
2445	0.012114609454120401
2446	0.012114609454120401
2447	0.012114609454120401
2448	0.012114609454120401
2449	0.012114609454120401
2450	0.012114609454120401
2451	0.012114609454120401
2452	0.012114609454120401
2453	0.012114609454120401
2454	-3.400058012914542e-16
2455	0.012114609454120401
2456	0.028239277547136614
2457	0.037958870438715424
2458	0.06985676395552684
2459	0.07957635684710565
2460	0.14140975133313394
2461	0.1454494081279295
2462	0.1454494081279295
2463	0.15252143525502054
2464	0.15252143525502054
2465	0.16625860095805953
2466	0.17597819384963836
2467	0.22353514940843708
2468	0.22757480620323264
2469	0.22757480620323264
2470	0.22757480620323264
2471	0.2316144629980282
2472	0.2566102609062546
2473	0.2916838339004495
2474	0.3014034267920283
2475	0.28928881733790757
2476	0.34307175159173703
2477	0.3537191959702075
2478	0.3361411503091939
2479	0.38298729185010116
2480	0.3516459125998929
2481	0.3546782829321884
2482	0.36879289238630913
2483	0.3617208652592181
2484	0.3895927745106175
2485	0.3839276359346696
2486	0.38128007017018184
2487	0.3337231146113831
2488	0.33940305070816634
2489	0.3434427075029619
2490	0.3474823642977575
2491	0.3675308608626574
2492	0.3465747197492266
2493	0.31554080354982733
2494	0.3058212106582485
2495	0.3405620471932153
2496	0.30590822940847884
2497	0.28554119213842954
2498	0.27526100107742735
2499	0.27601585447577537
2500	0.2942096447070685
2501	0.28713761757997747
2502	0.28274260101743554
2503	0.2867822578122311
2504	0.2790193080709453
2505	0.29439706062331833
2506	0.34389180652227935
2507	0.38190018167037765
2508	0.3762202455735944
2509	0.3762202455735944
2510	0.37218058877879884
2511	0.35213209221389885
2512	0.3663886179641144
2513	0.38579874084878296
2514	0.38579874084878296
2515	0.386686577401655
2516	0.35850481996663686
2517	0.35850481996663686
2518	0.3544651631718413
2519	0.30118423213580275
2520	0.25249842666868955
2521	0.26862309476170576
2522	0.26294315866492257
2523	0.258903501870127
2524	0.24283419915480892
2525	0.21938441947534484
2526	0.19202958703143558
2527	0.17981596953074774
2528	0.19407249528096332
2529	0.1997524313777466
2530	0.1997524313777466
2531	0.24368256768392982
2532	0.23510597803049746
2533	0.2487303353475971
2534	0.27922235058341716
2535	0.24763333429037387
2536	0.24863333429037388
2537	0.28540015509075267
2538	0.30177240104847647
2539	0.2977327442536809
2540	0.3048047713807719
2541	0.2886801032877557
2542	0.35124608035944105
2543	0.39258339898407196
2544	0.3885437421892764
2545	0.4028635900450742
2546	0.3736516494629314
2547	0.3731193029480149
2548	0.412421066843525
2549	0.42099765649695736
2550	0.42099765649695736
2551	0.40703171568239255
2552	0.39731212279081374
2553	0.36023798579425004
2554	0.3337856273532256
2555	0.33681799768552106
2556	0.32874597055843
2557	0.2919791497580512
2558	0.279646560595123
2559	0.279646560595123
2560	0.29389163800302637
2561	0.29793129479782193
2562	0.231325660931341
2563	0.2043081901625079
2564	0.2711415142583423
2565	0.26086132319734007
2566	0.2751811710531379
2567	0.27174225077384906
2568	0.21818396112812338
2569	0.25379668029501373
2570	0.25379668029501373
2571	0.21979282800859976
2572	0.2694315507079902
2573	0.27347120750278575
2574	0.2999235659438102
2575	0.3009235659438102
2576	0.3009235659438102
2577	0.3436741674270346
2578	0.3436741674270346
2579	0.393312890126425
2580	0.3857329512944696
2581	0.3887653216267651
2582	0.3887653216267651
2583	0.3825175008980583
2584	0.33913395648168804
2585	0.33509429968689247
2586	0.32077445183109465
2587	0.3153232069356133
2588	0.3112835501408177
2589	0.2902598873661271
2590	0.2902598873661271
2591	0.29733191449321816
2592	0.24769319179382773
2593	0.2507255621261232
2594	0.22023354689030317
2595	0.2218811126547909
2596	0.2218811126547909
2597	0.1791305111715666
2598	0.18216288150386203
2599	0.18229308074548292
2600	0.18067052449656468
2601	0.17359849736947364
2602	0.18997074332719746
2603	0.21111065678224922
2604	0.19738046999436396
2605	0.23558617272206533
2606	0.2728700924206223
2607	0.2976911368490989
2608	0.3259956695008363
2609	0.29311043056362535
2610	0.3164774678336747
2611	0.3205024773492442
2612	0.33261708680336494
2613	0.3730786643106272
2614	0.382798257202206
2615	0.3730786643106272
2616	0.3730786643106272
2617	0.4209240211063888
2618	0.4259666034334185
2619	0.37619768149240723
2620	0.3640830720382865
2621	0.3721550991653776
2622	0.3862748684434738
2623	0.3691775373154517
2624	0.4035224893854076
2625	0.40039035965190106
2626	0.394917006821973
2627	0.35776337323056817
2628	0.32945884057883074
2629	0.3334984973736263
2630	0.32224606955769775
2631	0.3430469264318486
2632	0.3430469264318486
2633	0.2955133217974953
2634	0.2857937289059165
2635	0.3304524018248093
2636	0.3375244289519003
2637	0.2896790721561387
2638	0.285636489829109
2639	0.28967614662390456
2640	0.3017907560780253
2641	0.33960325710854045
2642	0.3212258513268411
2643	0.3091112418727204
2644	0.2771613063653065
2645	0.27250272578610124
2646	0.24776418604456335
2647	0.2507965563768588
2648	0.2507965563768588
2649	0.2784723773140916
2650	0.2703974246547664
2651	0.24557155826504604
2652	0.2599249920752935
2653	0.2863930353396617
2654	0.2863930353396617
2655	0.2908070571724516
2656	0.3266585668703185
2657	0.3501083465497826
2658	0.3460759762174871
2659	0.3420363194226915
2660	0.35174520082177596
2661	0.30586067266416983
2662	0.29778572000484466
2663	0.29778572000484466
2664	0.2856711105507239
2665	0.30457098767635626
2666	0.35553619894783367
2667	0.38706391670309653
2668	0.38706391670309653
2669	0.3593880957658638
2670	0.3553484389710682
2671	0.3482764118439772
2672	0.321808368579609
2673	0.32822556425245175
2674	0.3425454121082495
2675	0.30558732681068757
2676	0.2626637899857296
2677	0.269468610222948
2678	0.27250098055524347
2679	0.2822205734468223
2680	0.30025113667486625
2681	0.31134817331752684
2682	0.31702810941431003
2683	0.3241001365414011
2684	0.3362147459955218
2685	0.3359725712065825
2686	0.3127099650984259
2687	0.2959337110692772
2688	0.3455724337686676
2689	0.341532776973872
2690	0.375536629260286
2691	0.40200467252465427
2692	0.44475527400787856
2693	0.4159096918654631
2694	0.40158984400966535
2695	0.439113957254935
2696	0.439113957254935
2697	0.41857895022983127
2698	0.47143326593492507
2699	0.49191060262687614
2700	0.4560962053404226
2701	0.4651081282078756
2702	0.4594281921110924
2703	0.4523561649840014
2704	0.4585377380748918
2705	0.40946504332320915
2706	0.3910626569905212
2707	0.3957072094016842
2708	0.3460684867022938
2709	0.35010814349708935
2710	0.33955407089013945
2711	0.31308602762577126
2712	0.2774074532696379
2713	0.3152355763418146
2714	0.33353175888682574
2715	0.28389303618743533
2716	0.30026528214515913
2717	0.33331822978158687
2718	0.2998599302137702
2719	0.2737026574250359
2720	0.26966300063024035
2721	0.2592736340117055
2722	0.25523397721690994
2723	0.25523397721690994
2724	0.23693779467189877
2725	0.26038757435136284
2726	0.28495811840757057
2727	0.2682096680347812
2728	0.28032427748890193
2729	0.27628462069410636
2730	0.2665720067176813
2731	0.2665720067176813
2732	0.2852947372380007
2733	0.24746661416582402
2734	0.2647991047086517
2735	0.29529111994447177
2736	0.2886384668783267
2737	0.2944134560730537
2738	0.27766500570026426
2739	0.2970751285849328
2740	0.3091897380390535
2741	0.30754217227456576
2742	0.30754217227456576
2743	0.3292866532956968
2744	0.3292866532956968
2745	0.32620391088628203
2746	0.36228109148325227
2747	0.36063352571876456
2748	0.3814041552018548
2749	0.42546870016338945
2750	0.46940734721466537
2751	0.4944031451228918
2752	0.4726480442702769
2753	0.46860838747548134
2754	0.43701937118243805
2755	0.40652735594661804
2756	0.41293243114805545
2757	0.36438490142532204
2758	0.3984675032665488
2759	0.37501772358708474
2760	0.362903114132964
2761	0.3731272695508841
2762	0.3731272695508841
2763	0.3909586034496748
2764	0.3909586034496748
2765	0.3705915661796255
2766	0.34407350528398684
2767	0.34004113495169136
2768	0.31119555280927597
2769	0.29762302308356137
2770	0.2542670581850443
2771	0.2333109170716135
2772	0.2483983937367052
2773	0.27339419164493156
2774	0.269354534850136
2775	0.269354534850136
2776	0.27822566466534615
2777	0.29652184721035735
2778	0.2527196524775518
2779	0.26079167960464283
2780	0.2648313363994384
2781	0.2505748106492228
2782	0.2602944035408016
2783	0.26954361205877103
2784	0.29991178985302935
2785	0.29991178985302935
2786	0.24940988013776622
2787	0.24940988013776622
2788	0.2671937141961758
2789	0.23670169896035578
2790	0.253717563115681
2791	0.2926504860011727
2792	0.2805953796683765
2793	0.2839041144118875
2794	0.31177602366328694
2795	0.3461898219282514
2796	0.3252336808148205
2797	0.37388789234690745
2798	0.377927549141703
2799	0.3916790128678171
2800	0.4358793334982759
2801	0.4389117038305714
2802	0.42919211093899257
2803	0.3803670875011014
2804	0.3570709368339341
2805	0.36679052972551285
2806	0.4071046075718064
2807	0.4030649507770108
2808	0.39556130777960347
2809	0.4026333349066945
2810	0.4230496368647977
2811	0.4228495977125169
2812	0.41577757058542586
2813	0.39958764738780916
2814	0.3900119206814209
2815	0.36531771530803525
2816	0.3683500856403307
2817	0.3553157955406509
2818	0.40481215230940093
2819	0.38298866145619576
2820	0.3428207111580325
2821	0.40249093620429816
2822	0.40249093620429816
2823	0.4317028767864409
2824	0.42867050645414545
2825	0.42867050645414545
2826	0.3883564286078519
2827	0.41335222651607834
2828	0.42690428791167995
2829	0.4198322607845889
2830	0.4234284526081321
2831	0.3806559120801256
2832	0.39678058017314183
2833	0.3846659707190211
2834	0.3774668248166705
2835	0.36774723192509173
2836	0.40533387771689355
2837	0.3554574305342709
2838	0.30596107376552095
2839	0.3465249799884776
2840	0.35457762095440276
2841	0.294907395908137
2842	0.2989470527029326
2843	0.3076346714797179
2844	0.3156920513275828
2845	0.3542124358612584
2846	0.3542124358612584
2847	0.3433312474071527
2848	0.3318315841134771
2849	0.3318315841134771
2850	0.27648337832070774
2851	0.27648337832070774
2852	0.2603587102276915
2853	0.32846291517513826
2854	0.3497131343367529
2855	0.41722496628454886
2856	0.37256629336565605
2857	0.3685266365708605
2858	0.3715590069031559
2859	0.3453149485359971
2860	0.34751259366564974
2861	0.3637946385465089
2862	0.3862230250160815
2863	0.3666196482021646
2864	0.3768058288424161
2865	0.3769764899158671
2866	0.3769764899158671
2867	0.37923412641947013
2868	0.3973209878447055
2869	0.41164083570050336
2870	0.41164083570050336
2871	0.4213604285920821
2872	0.4354750380462029
2873	0.3714104898935517
2874	0.36647626542557127
2875	0.30300409027257086
2876	0.3070437470673664
2877	0.311083403862162
2878	0.3384251750000354
2879	0.34940946641713283
2880	0.3731603850048727
2881	0.37627435626129074
2882	0.417741173368003
2883	0.44519130946197816
2884	0.4745027901167062
2885	0.4613459361801101
2886	0.4613459361801101
2887	0.4613459361801101
2888	0.4268868287971509
2889	0.4222865738329319
2890	0.48244756187457377
2891	0.4767676257777905
2892	0.4723726092152486
2893	0.4780525453120318
2894	0.5068796258792606
2895	0.5571217445862
2896	0.5651966972455251
2897	0.6180256140618706
2898	0.5836118157969061
2899	0.5750549008659455
2900	0.5470962785096575
2901	0.5246678920400848
2902	0.46645262456058323
2903	0.4682585889506033
2904	0.42373591814005424
2905	0.38848213357794503
2906	0.395554160705036
2907	0.3791819147473122
2908	0.39129652420143296
2909	0.39129652420143296
2910	0.3534187534427032
2911	0.35645112377499866
2912	0.37414456221971454
2913	0.43894721862235836
2914	0.4584415399735488
2915	0.4425491415211109
2916	0.4522580229201953
2917	0.39538944930905423
2918	0.39538944930905423
2919	0.3826818817619153
2920	0.4056312655854197
2921	0.4015916087906241
2922	0.4286388366994241
2923	0.3851262104652133
2924	0.3820938401329178
2925	0.3820938401329178
2926	0.3750218130058268
2927	0.3847414058974056
2928	0.3796988235703759
2929	0.39342901035826117
2930	0.3792178202024402
2931	0.3862604025294699
2932	0.40350604411206803
2933	0.3650477880954705
2934	0.29903294773233535
2935	0.2856393685912647
2936	0.2678555345328551
2937	0.27592756165994614
2938	0.3327637844353399
2939	0.37628108319934306
2940	0.3559643142636525
2941	0.40087362800032755
2942	0.3681464639947444
2943	0.3641068071999488
2944	0.36006715040515325
2945	0.3835169300846173
2946	0.4311043125064006
2947	0.4254243764096174
2948	0.42807194217410516
2949	0.4086618192894367
2950	0.4005897921623457
2951	0.3905148395030205
2952	0.36930594626359176
2953	0.3515381355309778
2954	0.36810187576187614
2955	0.3511781049807408
2956	0.4303248755763745
2957	0.4293248755763745
2958	0.4240833507386208
2959	0.4503483078560454
2960	0.4336010835141109
2961	0.3927314265722314
2962	0.4088189032373231
2963	0.4128585600321187
2964	0.4249731694862394
2965	0.4527612264093829
2966	0.4509797546765143
2967	0.4509797546765143
2968	0.46656430105783075
2969	0.4625246442630352
2970	0.4848078615459472
2971	0.49288281420527236
2972	0.4805300711684689
2973	0.4622338886234577
2974	0.4663187332952389
2975	0.5034657790543726
2976	0.4299989445555221
2977	0.4309989445555221
2978	0.39770042916289317
2979	0.3279181732814654
2980	0.3923218658352795
2981	0.4161541182918834
2982	0.40309901195908726
2983	0.43706773031239
2984	0.42495312085826925
2985	0.37371528425566175
2986	0.35370413121415745
2987	0.3962382922568754
2988	0.3974021962483484
2989	0.43214303278331523
2990	0.46024553976606325
2991	0.46995442116514763
2992	0.4806808753756922
2993	0.5071489186400604
2994	0.5025754984932125
2995	0.49136027789340186
2996	0.48164068500182305
2997	0.47356865787473207
2998	0.4649920682212997
2999	0.48440219110596816
3000	0.42403815534694955
3001	0.40020590289034563
3002	0.4235488681782442
3003	0.4134124022815454
3004	0.43015962662347995
3005	0.4575726579597747
3006	0.4388499274394553
3007	0.44610950408797
3008	0.45724022335365744
3009	0.4752001754723306
3010	0.4288541080014661
3011	0.4566337592929683
3012	0.4989938911451769
3013	0.4765655046756042
3014	0.4548104038229893
3015	0.4208065515365753
3016	0.4690465289618297
3017	0.4690465289618297
3018	0.4857949793346191
3019	0.4720647925467339
3020	0.5169678432262831
3021	0.5129281864314875
3022	0.4988854399742218
3023	0.47101353072282237
3024	0.5014216605699338
3025	0.487745794936678
3026	0.5528689313555455
3027	0.5307510146015455
3028	0.4931522520714899
3029	0.5024234891941335
3030	0.4983838323993379
3031	0.46515293621235443
3032	0.4720836529208022
3033	0.4817811618290456
3034	0.5011912847137141
3035	0.5269860423611246
3036	0.47874606493587013
3037	0.548681151693537
3038	0.5590028515779357
3039	0.5603802953290175
3040	0.5629064543641007
3041	0.5996961975128675
3042	0.5833239515551437
3043	0.5930435444467225
3044	0.5596253559607155
3045	0.584093892985378
3046	0.5240133388935402
3047	0.5066177090173096
3048	0.5406215613037236
3049	0.4953967598693746
3050	0.4953967598693746
3051	0.49913347342176434
3052	0.45999695227659804
3053	0.4938471689953424
3054	0.47443704611067394
3055	0.4904804470212901
3056	0.5066051151143063
3057	0.43667002835663943
3058	0.42119738974286686
3059	0.4342093126103199
3060	0.3827404461008919
3061	0.39285026231105313
3062	0.437508935229946
3063	0.5030594547018661
3064	0.5157903322631953
3065	0.5148698053485232
3066	0.5538546747597763
3067	0.564530624812205
3068	0.5426413819799116
3069	0.5794301712015226
3070	0.5834698279963182
3071	0.5794855365792208
3072	0.5515473751053211
3073	0.556360897389331
3074	0.5603932677216265
3075	0.5185551091635998
3076	0.5207527542932525
3077	0.5247924110880481
3078	0.5700592095564235
3079	0.5916570616217044
3080	0.6245423005589154
3081	0.5776427411999873
3082	0.5329840682810943
3083	0.49171780820400957
3084	0.4692894217344369
3085	0.44574141162444647
3086	0.43683674055060473
3087	0.4336644334955834
3088	0.4586239610380264
3089	0.41720255692860164
3090	0.4131629001338061
3091	0.3970382320407898
3092	0.40673574094903325
3093	0.408616611744975
3094	0.4334424781346954
3095	0.4626544187168381
3096	0.44433210549416924
3097	0.49124360641601517
3098	0.44295588595765656
3099	0.3972490743822621
3100	0.3754608720877117
3101	0.42794241662307764
3102	0.4610846268715584
3103	0.43917781122780486
3104	0.4351381544330093
3105	0.43777323468769413
3106	0.4119506728538858
3107	0.42061919723650065
3108	0.38354506023993695
3109	0.37547010758061183
3110	0.4004659054888382
3111	0.40753793261592924
3112	0.40591537636701097
3113	0.351633600865276
3114	0.3284553002400434
3115	0.3193523191680142
3116	0.35910433313724033
3117	0.31522520254768993
3118	0.31330126596040253
3119	0.3326735119181264
3120	0.32864850240255683
3121	0.2802066146619865
3122	0.2567839973050846
3123	0.24468696066242407
3124	0.26143418500435855
3125	0.2658116287554403
3126	0.25347903959251206
3127	0.222987024356692
3128	0.23005905148378303
3129	0.25248743795335565
3130	0.2819618656152737
3131	0.2789294952829782
3132	0.2738869129559485
3133	0.31522423158057944
3134	0.35551262998954025
3135	0.33944332727422216
3136	0.3259746464274732
3137	0.37732610425219343
3138	0.36095385829446963
3139	0.394143799896574
3140	0.4337083352445791
3141	0.46412778583274267
3142	0.5033870145495647
3143	0.559006716073043
3144	0.5503315188581995
3145	0.5990735744581869
3146	0.6268444845320202
3147	0.6481615890670146
3148	0.7138475507023291
3149	0.7538071396188537
3150	0.7033765708435049
3151	0.7509316119863494
3152	0.7438595848592584
3153	0.7095942933617185
3154	0.6913017797932073
3155	0.7066343689561354
3156	0.6874230629607493
3157	0.6741580747627195
3158	0.6945251120327688
3159	0.6490349516000317
3160	0.6064380459197312
3161	0.5760185953315675
3162	0.5453359562681779
3163	0.49375591153949505
3164	0.510946295544898
3165	0.4414545502361051
3166	0.4550326330659984
3167	0.4407875556580951
3168	0.39031278417860166
3169	0.3488809499059351
3170	0.37407497103783877
3171	0.32248027310019867
3172	0.32248027310019867
3173	0.35273523959388264
3174	0.3210197618618543
3175	0.32811555916849866
3176	0.3498015413456488
3177	0.30464304459186736
3178	0.3258518222417398
3179	0.3228194519094444
3180	0.3187797951146488
3181	0.324459731211432
3182	0.30616354866642087
