1	0.0
2	0.09719592891578811
3	0.33847355674937335
4	0.25385516756203
5	0.20308413404962403
6	0.2384024107373718
7	0.20434492348917585
8	0.17880180805302887
9	0.2739817636259942
10	0.2660227730465524
11	0.24918371512376683
12	0.2973584231657003
13	0.2996727690109908
14	0.2840385095027708
15	0.27048881792898016
16	0.2535832668084189
17	0.24698663596920725
18	0.24406470385044995
19	0.2312191931214789
20	0.241941450748317
21	0.24598110754311256
22	0.25058136250733154
23	0.20952992188650438
24	0.2558047091741257
25	0.30699348797153
26	0.2983584077168452
27	0.33236226000325914
28	0.37966949545420425
29	0.3440230931367346
30	0.3577532799246199
31	0.39578685494023313
32	0.3584625011536802
33	0.346129911990752
34	0.39106907680435726
35	0.40340166596728555
36	0.40340166596728555
37	0.4106494866959923
38	0.4009298938044135
39	0.4049695505992091
40	0.38268633331629703
41	0.39501892247922527
42	0.41241455235545577
43	0.4467586900454072
44	0.40048390275778595
45	0.39719722507169664
46	0.38912227241237146
47	0.3621904472530485
48	0.325980248444764
49	0.34492915334594265
50	0.37334804811099137
51	0.36718129224805784
52	0.36718129224805784
53	0.37687880115630124
54	0.3513497592273645
55	0.3349775132696407
56	0.35842729294910475
57	0.3481471018881025
58	0.3562191290151936
59	0.36892669656233246
60	0.37864628945391127
61	0.38059635671885633
62	0.35595290611391905
63	0.3216087684239676
64	0.3216087684239676
65	0.2900789132703764
66	0.31103505438380724
67	0.3039630272567162
68	0.29286599061405566
69	0.2769195510797481
70	0.24334705918024646
71	0.2425141562269661
72	0.2465465265592616
73	0.25625914053568666
74	0.24088138798331366
75	0.24492104477810922
76	0.22147126509864515
77	0.22715120119542836
78	0.21907917406833732
79	0.2063716065211984
80	0.20069167042441513
81	0.18236935720174624
82	0.17529733007465523
83	0.17529733007465523
84	0.17529733007465523
85	0.1589250841169314
86	0.17612409400023715
87	0.20111989190846352
88	0.21083948480004233
89	0.2028093879828156
90	0.20462216494791807
91	0.17358824874851878
92	0.23661745959717528
93	0.22426471656037178
94	0.22023234622807628
95	0.22326471656037175
96	0.22326471656037175
97	0.22061715079588398
98	0.227689177922975
99	0.2689180359210838
100	0.276992988580409
101	0.276992988580409
102	0.3197435900636333
103	0.34715662139992803
104	0.34715662139992803
105	0.3552286485270191
106	0.31303384073548696
107	0.3081470023373742
108	0.35167156170870034
109	0.35029411795761856
110	0.33018515844750496
111	0.37154545781913334
112	0.32379829185133596
113	0.32702110306447324
114	0.32702110306447324
115	0.329668668828961
116	0.329668668828961
117	0.32663629849666553
118	0.32360392816437006
119	0.3223999583330003
120	0.32858153142389074
121	0.33830112431546955
122	0.2955505228322452
123	0.284884715837885
124	0.284884715837885
125	0.3426032161910183
126	0.34664287298581387
127	0.33057357027049583
128	0.27732941800759087
129	0.30651039029333893
130	0.3437955661063684
131	0.29839560993994446
132	0.3314000069802213
133	0.32111981591921906
134	0.3475721743602435
135	0.3515897471717037
136	0.39436228769971027
137	0.42203810863694297
138	0.42203810863694297
139	0.38504559080249934
140	0.3667494082574882
141	0.3641018424930004
142	0.368141499287796
143	0.3513942749458615
144	0.3611138678374403
145	0.2953233403572159
146	0.34092240626181075
147	0.3770249597154959
148	0.3867445526070747
149	0.35491601455683885
150	0.33400308470153317
151	0.3410751118286242
152	0.30084131087341337
153	0.30084131087341337
154	0.2961440532850038
155	0.32799803368244984
156	0.32866155547141357
157	0.32341412100375344
158	0.32341412100375344
159	0.31634209387666246
160	0.3480575716086908
161	0.35070513737317854
162	0.35373750770547396
163	0.35373750770547396
164	0.3714309461501899
165	0.37547060294498547
166	0.3298715370403906
167	0.28972932679191
168	0.2911067705429917
169	0.2921067705429917
170	0.2797741813800635
171	0.2888268223459887
172	0.28242174714455126
173	0.28242174714455126
174	0.3066349807976804
175	0.2610438346971954
176	0.21760777238022513
177	0.20325433856997766
178	0.1992146817751821
179	0.1992146817751821
180	0.22041291399063806
181	0.2569342563477108
182	0.2539018860154153
183	0.2539018860154153
184	0.25436076393052004
185	0.2503211071357245
186	0.25839605979504965
187	0.2785050193051633
188	0.27952259211662345
189	0.27549022178432797
190	0.3019135290608821
191	0.28982851776266144
192	0.305104722779309
193	0.3081370931116045
194	0.27186626751410387
195	0.34965763678348577
196	0.37140211780461685
197	0.3842833062587225
198	0.3842833062587225
199	0.3842833062587225
200	0.3313695963112382
201	0.28512866106258666
202	0.2810890042677911
203	0.2908085971593699
204	0.3000108249045342
205	0.36325176015318567
206	0.37760519396343317
207	0.36556826158041056
208	0.3534536521262898
209	0.34941399533149425
210	0.31895103126014457
211	0.3246309673569278
212	0.3230849491281655
213	0.3521093267454426
214	0.3383721610424036
215	0.2605807917730217
216	0.2887063901802776
217	0.30730315085853804
218	0.3113428076533336
219	0.36637711656990746
220	0.38274936252763125
221	0.3867890193224268
222	0.39890362877654756
223	0.38918403588496875
224	0.3561495556832006
225	0.32078052968594856
226	0.29431248642158037
227	0.29028011608928483
228	0.2943197728840804
229	0.2943197728840804
230	0.2943197728840804
231	0.2886398367872972
232	0.29690553483986143
233	0.2648487868902889
234	0.32277240971514176
235	0.33914465567286556
236	0.3289600264657596
237	0.2853674678792728
238	0.31181982632029726
239	0.2567855174037234
240	0.2501328643375784
241	0.2571902441854434
242	0.25479522762290147
243	0.2837461719890915
244	0.27970651519429596
245	0.2558742627376921
246	0.29388263788579033
247	0.28984298109099477
248	0.28984298109099477
249	0.29388263788579033
250	0.3009546650128814
251	0.34868331128808705
252	0.31696783355605873
253	0.31292817676126317
254	0.25500455393641025
255	0.23863230797868645
256	0.23402043075160028
257	0.23402043075160028
258	0.20352841551578024
259	0.22697819519524431
260	0.27051633675434805
261	0.3233366935308483
262	0.32068912776636055
263	0.29173818340017055
264	0.2957778401949661
265	0.29173818340017055
266	0.25372980825207225
267	0.2774742892732033
268	0.2734346324784077
269	0.2764670028107032
270	0.28371482353940997
271	0.267200305031518
272	0.29565008471098203
273	0.29565008471098203
274	0.29565008471098203
275	0.29565008471098203
276	0.2956500847109821
277	0.30272211183807307
278	0.3170419596938709
279	0.34257100162280774
280	0.3198052824079452
281	0.29969008372158995
282	0.2926180565944989
283	0.324965312398774
284	0.32092565560397845
285	0.33064524849555726
286	0.34701749445328106
287	0.32327301343215004
288	0.36383691965510667
289	0.35676489252801563
290	0.39516182287890494
291	0.3639476951115913
292	0.33549791543212726
293	0.3537940979771384
294	0.42723435972113516
295	0.4912361879306646
296	0.4561626149364697
297	0.4835496951923378
298	0.46922984733654005
299	0.4283230528552302
300	0.40490306474650123
301	0.3611008700136957
302	0.3611008700136957
303	0.3616388531466315
304	0.38508863282609557
305	0.38344106706160785
306	0.3751408482309751
307	0.37918050502577066
308	0.3675675431690041
309	0.3979825355839937
310	0.3595856052331044
311	0.40735185912722366
312	0.4256480416722348
313	0.40735185912722366
314	0.33391159738322684
315	0.3017203360423263
316	0.3114399289339051
317	0.284052848678037
318	0.3183679756229167
319	0.3304049080059393
320	0.3304049080059393
321	0.35619966565334976
322	0.3796494453328138
323	0.38810152502023376
324	0.4020309793319984
325	0.39395895220490734
326	0.3858869250778163
327	0.40195622779313445
328	0.42656560041477337
329	0.39615060799978374
330	0.381830760143986
331	0.33709687658216214
332	0.33091530349127174
333	0.3911385976147985
334	0.3911385976147985
335	0.36640005787326063
336	0.378503955834887
337	0.4043171676450069
338	0.4188270641380184
339	0.40275776142270026
340	0.3956857342956092
341	0.36989097664819875
342	0.4044784353673031
343	0.372860709634251
344	0.33548147564302233
345	0.347596085097143
346	0.347596085097143
347	0.3707738267587075
348	0.33358575572860233
349	0.3376254125233979
350	0.3376254125233979
351	0.34429055109934587
352	0.3321759416452251
353	0.2984206907860666
354	0.37255485024884116
355	0.37355485024884116
356	0.35173135939563605
357	0.35744586534077893
358	0.3126604986976833
359	0.3309040591857998
360	0.3791200699032313
361	0.3791200699032313
362	0.3210828315046629
363	0.3314721981231977
364	0.35059933158308504
365	0.3384847221289643
366	0.3465567492560554
367	0.315384657538498
368	0.30305206837556975
369	0.32400820948900055
370	0.3441171689991142
371	0.34249461275019594
372	0.3907345901754503
373	0.4160185608803082
374	0.34188440141753357
375	0.36168428354184196
376	0.39503793357406103
377	0.3728104346494309
378	0.388879737364749
379	0.38489270262684816
380	0.33667669190941657
381	0.33667669190941657
382	0.33667669190941657
383	0.3262873252908817
384	0.30716019183099447
385	0.30716019183099447
386	0.33080364243593174
387	0.35701602660258597
388	0.3626959626993692
389	0.34173982158593835
390	0.3216308620758247
391	0.309516252621704
392	0.27501344089948865
393	0.2787141855484873
394	0.2787141855484873
395	0.28713648125198443
396	0.28299477180190813
397	0.27634211873576314
398	0.27634211873576314
399	0.29388248732479283
400	0.3421224647500472
401	0.3421224647500472
402	0.36557224442951125
403	0.36557224442951125
404	0.36557224442951125
405	0.37989209228530907
406	0.3522162713480763
407	0.31388927772730135
408	0.30416968483572254
409	0.33901381163323174
410	0.33901381163323174
411	0.34873340452481055
412	0.33499623882177154
413	0.2866155073306378
414	0.33101751780004157
415	0.30179533997223607
416	0.3245041477427601
417	0.358100240544423
418	0.3379912810343094
419	0.34621927486180315
420	0.33388577338402403
421	0.33388577338402403
422	0.31043599370456
423	0.3007164008129812
424	0.3007164008129812
425	0.30013371866022237
426	0.2960940618654268
427	0.30316608899251785
428	0.30316608899251785
429	0.2850319951090186
430	0.29714660456313935
431	0.3075359711816742
432	0.3566086659333568
433	0.34953663880626584
434	0.34087546487182885
435	0.3481232856005356
436	0.2962025372478688
437	0.3007889526659421
438	0.3248771060256376
439	0.294549726767142
440	0.26974028746232726
441	0.27945988035390606
442	0.32769985777916044
443	0.3398144672332811
444	0.37869825082558595
445	0.3690007419173425
446	0.3994927571531625
447	0.39646038682086704
448	0.43252438009849214
449	0.4255118560927256
450	0.4133972466386049
451	0.39328828712849123
452	0.37593107010883686
453	0.37593107010883686
454	0.34019023357387007
455	0.3299100425128678
456	0.3339496993076634
457	0.2860475981963484
458	0.28540922451611694
459	0.2757117156078735
460	0.2974999179024239
461	0.29181998180564067
462	0.2679340763883365
463	0.28631148217003577
464	0.2926467714639557
465	0.30871607417927377
466	0.2903386683975745
467	0.28629901160277893
468	0.2752308162333802
469	0.2736082599844619
470	0.30191279263619936
471	0.34975814943196093
472	0.3180426716999326
473	0.3180426716999326
474	0.33741491765765647
475	0.3333752608628609
476	0.3634555512501635
477	0.38690533092962753
478	0.3634555512501635
479	0.3946696790174771
480	0.41921219331549986
481	0.4262695731633649
482	0.4089875282825058
483	0.3882151059382645
484	0.34299603305203985
485	0.32692673033672176
486	0.314812120882601
487	0.314812120882601
488	0.30918856893209845
489	0.29707395947797777
490	0.29221920650570443
491	0.24841350650473837
492	0.28155571675321905
493	0.2855953735480146
494	0.26622312759029076
495	0.3266380662615236
496	0.29251811907942543
497	0.2690683393999614
498	0.32719493392803145
499	0.3030381860085828
500	0.24561043277334899
501	0.2824227098673635
502	0.27535068274027247
503	0.2727031169757847
504	0.28481772642990544
505	0.28481772642990544
506	0.2918897535569965
507	0.2918897535569965
508	0.3075910805934675
509	0.3116307373882631
510	0.3085479949788483
511	0.3496668349378341
512	0.32624421758093225
513	0.3222045607861367
514	0.3222045607861367
515	0.26178962211490386
516	0.2759042315690246
517	0.300900029477251
518	0.28252544891840703
519	0.29153737178586014
520	0.3207493123680029
521	0.27283999863132785
522	0.31020505831126255
523	0.3411414063322698
524	0.32902679687814906
525	0.3744824406638463
526	0.43060889207368175
527	0.4346485488684773
528	0.403614632669078
529	0.3995749758742824
530	0.37920793860423313
531	0.3340494418504517
532	0.33140187608596394
533	0.38852773165145127
534	0.38852773165145127
535	0.4364975247524301
536	0.42945494242540033
537	0.4361746222492022
538	0.3964226082799761
539	0.3803533055646581
540	0.35114136498251525
541	0.35114136498251525
542	0.31377630530258055
543	0.31084150314867715
544	0.31084150314867715
545	0.2756660504239822
546	0.24211279994670548
547	0.26848813556689954
548	0.30581248935345245
549	0.309852146148248
550	0.3138918029430436
551	0.3276289686460826
552	0.37056232223008045
553	0.3134364666645931
554	0.3478502649295575
555	0.3233302515080428
556	0.31625822438095175
557	0.3039149926066472
558	0.3039149926066472
559	0.3302903282268413
560	0.3400099211184201
561	0.3822784359113245
562	0.4190452567117033
563	0.3839716837175084
564	0.45163279730471134
565	0.44942755890303426
566	0.41978233084338445
567	0.41119082928159995
568	0.3899357782103651
569	0.3899357782103651
570	0.39561571430714837
571	0.38187854860410936
572	0.33187316789302046
573	0.3553229475724845
574	0.3249488061023157
575	0.3178712723805754
576	0.32594329950766643
577	0.30657105354994263
578	0.30657105354994263
579	0.2952831945948403
580	0.3269009203278924
581	0.29674701498910877
582	0.3097491161297413
583	0.34016410854473095
584	0.2765426517523236
585	0.28453700180831654
586	0.28453700180831654
587	0.26271351095511136
588	0.2426045514449977
589	0.23856489465020214
590	0.2399423384012839
591	0.27043435363710394
592	0.2887305361821151
593	0.3066180751272819
594	0.3330704335683064
595	0.32377021473767365
596	0.31569818761058255
597	0.31569818761058255
598	0.3227702147376736
599	0.3036430812777863
600	0.3118937700622041
601	0.3038188174028789
602	0.29811444042340224
603	0.29557135725981204
604	0.2915317004650165
605	0.2714227409549028
606	0.28251977759756336
607	0.28251977759756336
608	0.30434326845076853
609	0.30434326845076853
610	0.31506972266131317
611	0.30468666693560675
612	0.29748752103325615
613	0.2819449600560357
614	0.26820016916215017
615	0.26820016916215017
616	0.27527219628924116
617	0.29356837883425235
618	0.3026210198001775
619	0.3189932657579013
620	0.2815198678029734
621	0.30535212025957725
622	0.29422525849184067
623	0.27039300603523675
624	0.27039300603523675
625	0.286517674128253
626	0.2754206374855924
627	0.31332019684452056
628	0.29553636278611095
629	0.31490860874383475
630	0.32815869088482447
631	0.3080497313747108
632	0.30099235152684584
633	0.3069130716114637
634	0.2901658472695292
635	0.28309382014243817
636	0.2963888302853964
637	0.2780926477403853
638	0.26196797964736906
639	0.24559573368964527
640	0.23348112423552453
641	0.23436722428836623
642	0.22789758435893642
643	0.26792247252567547
644	0.28974596337888064
645	0.2833408881774432
646	0.2833408881774432
647	0.24948098561331067
648	0.25351335594560614
649	0.2381807667826779
650	0.20714685058327859
651	0.20714685058327859
652	0.21017922091557403
653	0.21027431005217462
654	0.21431396684697018
655	0.23068621280469398
656	0.22243378498876543
657	0.2580624580766043
658	0.2580624580766043
659	0.2580624580766043
660	0.2821506114362998
661	0.25339260213205866
662	0.22692455886769047
663	0.18286001390615586
664	0.17740876901067454
665	0.1676891761190957
666	0.186816309578983
667	0.186816309578983
668	0.17874428245189194
669	0.17874428245189194
670	0.1908292937501126
671	0.1908292937501126
672	0.18375726662302155
673	0.17377019060759777
674	0.17377019060759777
675	0.15739794464987394
676	0.14932299199054877
677	0.1298189869957261
678	0.13385864379052168
679	0.1643506590263417
680	0.14026250566664614
681	0.14026250566664614
682	0.15858481888931503
683	0.16830441178089384
684	0.2133468605638776
685	0.22546147001799835
686	0.2063343365581111
687	0.23754846432542473
688	0.24462049145251577
689	0.2405808346577202
690	0.22445616656470396
691	0.22445616656470396
692	0.2536681071468468
693	0.23184461629364161
694	0.24962845035205122
695	0.2746242482602776
696	0.270584591465482
697	0.2544599233724658
698	0.26013985946924906
699	0.23368750102822458
700	0.23368750102822458
701	0.2576141965500381
702	0.2433315401221648
703	0.25372090674069964
704	0.20662605985578986
705	0.2128076329466803
706	0.21684728974147585
707	0.2205538794948943
708	0.2614516454687821
709	0.2614516454687821
710	0.2685236725958731
711	0.27824326548745193
712	0.2490313249053091
713	0.287631069787663
714	0.26580757893445783
715	0.2736970199634424
716	0.2736970199634424
717	0.2736970199634424
718	0.27104945419895465
719	0.27508182453125013
720	0.2791214813260457
721	0.3236285342191998
722	0.3195888774244042
723	0.3091995108058694
724	0.29487966295007156
725	0.2765834804050604
726	0.2868636714660627
727	0.247903297150535
728	0.1999335040495562
729	0.1999335040495562
730	0.2146849677756703
731	0.21203740201118254
732	0.24375287974321086
733	0.2369637017294859
734	0.2369637017294859
735	0.22444550006232422
736	0.2284851568571198
737	0.27835523628550674
738	0.3111372632396649
739	0.3071048929073694
740	0.3173850839683717
741	0.2626885012564431
742	0.2667281580512387
743	0.25700856515965986
744	0.25700856515965986
745	0.25700856515965986
746	0.24268871730386204
747	0.2879077901900867
748	0.3113575698695508
749	0.3153972266643464
750	0.3508943236419753
751	0.3535418894064631
752	0.32182641167443476
753	0.2940555016006014
754	0.2940555016006014
755	0.29895087546304605
756	0.34315119609350486
757	0.29328111666511786
758	0.2604990897109597
759	0.25645943291616413
760	0.2604357676053775
761	0.30354213555212867
762	0.3485751735090158
763	0.3485751735090158
764	0.38586034932204527
765	0.4041565318670564
766	0.4138761247586352
767	0.3686570518724105
768	0.349246928987742
769	0.349246928987742
770	0.3363763769420207
771	0.348401265071573
772	0.35244092186636855
773	0.348401265071573
774	0.348401265071573
775	0.32313885393907904
776	0.2829709036409157
777	0.2829709036409157
778	0.2799385333086203
779	0.325471331248748
780	0.32899863955694203
781	0.3072286789013468
782	0.2581559841496641
783	0.26787557704124293
784	0.25889493387995083
785	0.26070771084505334
786	0.2550277747482701
787	0.28002357265649647
788	0.3258539952900879
789	0.3258539952900879
790	0.2814039595049751
791	0.26369913527863964
792	0.3024009328162742
793	0.3024009328162742
794	0.3064405896110698
795	0.31351261673816083
796	0.30948024640586536
797	0.31655227353295634
798	0.3409623964176248
799	0.3400882713963899
800	0.34998025827521306
801	0.3637317087189094
802	0.37080373584600046
803	0.386079940862648
804	0.40358131889982546
805	0.405295850242917
806	0.4012561934481214
807	0.38333242266698603
808	0.3334623432385991
809	0.3294226864438035
810	0.3294226864438035
811	0.3294226864438035
812	0.2866812321113733
813	0.2866812321113733
814	0.28264157531657774
815	0.2796092049842823
816	0.2796092049842823
817	0.2725371778571913
818	0.30140798600856133
819	0.30989535219162045
820	0.29828883396970574
821	0.2535034673266101
822	0.28776875882415
823	0.27084498804301466
824	0.22503907735409984
825	0.22332454601100832
826	0.2376443938668061
827	0.2305723667397151
828	0.23864439386680614
829	0.23864439386680614
830	0.2869630826692868
831	0.3169272781609052
832	0.35134107642586965
833	0.36345568587999033
834	0.37052771300708137
835	0.3664880562122858
836	0.36244839941749024
837	0.36244839941749024
838	0.34933699757561565
839	0.3032629856007547
840	0.29689119179368006
841	0.3092237809566083
842	0.2840111304249936
843	0.29630614056795185
844	0.29630614056795185
845	0.3063941106413681
846	0.29611391958036587
847	0.33596797366161507
848	0.36368988882736125
849	0.4147893676927351
850	0.4130444967277681
851	0.42090842430832637
852	0.4285678578537707
853	0.423525275526741
854	0.4495954586481307
855	0.45766748577522176
856	0.5139012463804852
857	0.5618033474918002
858	0.5339664074605646
859	0.5268943803334735
860	0.5202292417575255
861	0.537457370317415
862	0.5542179411616098
863	0.5750441942777609
864	0.5790838510725564
865	0.5529265782838222
866	0.5632067693448244
867	0.5354673247176959
868	0.5219565997077706
869	0.5560398656351038
870	0.5094660477975902
871	0.5284883687478452
872	0.5025398050304526
873	0.5118400238610854
874	0.5127016658990187
875	0.5046296387719277
876	0.45243553496145994
877	0.40453343385014495
878	0.4194968999035442
879	0.4194968999035442
880	0.4124248727764532
881	0.3971206808038509
882	0.425703209335779
883	0.3885495757443741
884	0.39882976680537635
885	0.4413639278480944
886	0.4871911162551221
887	0.5101500797951963
888	0.49593888963937527
889	0.4505081588158945
890	0.4887138615435959
891	0.4648978977229324
892	0.49011054825454703
893	0.51052804544559
894	0.5057361337413189
895	0.5154557266328976
896	0.5826417698767002
897	0.6418071940221498
898	0.6175435091381178
899	0.6339157550958416
900	0.6339157550958416
901	0.6156195725508306
902	0.5541518050816915
903	0.571935639140101
904	0.5905010302215142
905	0.5582470602397984
906	0.5172271574368602
907	0.49325062108532586
908	0.513628373637699
909	0.5233557357295756
910	0.4851500330018742
911	0.47683390530955166
912	0.43549658668492075
913	0.3987068435361538
914	0.40934895703526025
915	0.4179255466886926
916	0.3564194395416732
917	0.3225164265287176
918	0.3194840561964222
919	0.33232375082084115
920	0.36842015556520924
921	0.3754921826923003
922	0.3989419623717644
923	0.38923308097267995
924	0.36038749883026455
925	0.34606765097446673
926	0.3269405175145794
927	0.34163823851932934
928	0.3295607047975891
929	0.3034354007444365
930	0.3712531787772062
931	0.35623233517600406
932	0.37805582602920923
933	0.37805582602920923
934	0.3382017719479601
935	0.3199055894029489
936	0.3199055894029489
937	0.3107678463634712
938	0.3319906007011696
939	0.33678251240544077
940	0.3006861076610726
941	0.2976537373287772
942	0.312803702531667
943	0.30068909307754627
944	0.31494561882776184
945	0.3189852756225574
946	0.3189852756225574
947	0.3340374296583172
948	0.3319850315563912
949	0.33091417683135305
950	0.27281599169016213
951	0.29308267827353707
952	0.3443098579132199
953	0.3443098579132199
954	0.37719509685043084
955	0.38426712397752183
956	0.3856445677286036
957	0.416093717473101
958	0.3948709631354026
959	0.40493165581052326
960	0.41704626526464394
961	0.4251212179239691
962	0.4056486065015025
963	0.4358455360850324
964	0.4215890103348168
965	0.4215890103348168
966	0.43268604697747737
967	0.3918391352943071
968	0.3918391352943071
969	0.38329308371443405
970	0.4170095531398255
971	0.4147211785854398
972	0.35540767379559085
973	0.3794958271552864
974	0.3707195477281891
975	0.3717195477281891
976	0.38868193123942946
977	0.34614777019671145
978	0.36619626676161143
979	0.37274743575217373
980	0.3995166098903578
981	0.3944740275633281
982	0.3850664869950196
983	0.3548695574114897
984	0.3508299006166941
985	0.34679024382189855
986	0.335693207179238
987	0.33973286397403357
988	0.3690055747047226
989	0.35930806579647917
990	0.34828503481580364
991	0.3516431300779702
992	0.34497799150202224
993	0.3698686597507276
994	0.3625069245825484
995	0.35847455425025293
996	0.38005385679574244
997	0.44268164906193086
998	0.44041698655544037
999	0.4099102321134572
1000	0.4183336839720974
1001	0.4576376830489982
1002	0.45901512680008
1003	0.47938216407012935
1004	0.4976783466151405
1005	0.5404289480983648
1006	0.5475009752254558
1007	0.5840252246536168
1008	0.5568049120248538
1009	0.5806371644814577
1010	0.561961298848202
1011	0.5491709431369192
1012	0.5603950985548393
1013	0.5257361248022362
1014	0.5187084933518805
1015	0.514668836557085
1016	0.5018198570064614
1017	0.4351524079454775
1018	0.4133289170922724
1019	0.40293955047373753
1020	0.366729351665453
1021	0.34370739746941137
1022	0.3753829013547573
1023	0.3590555208795036
1024	0.35449650403753147
1025	0.3281181485120309
1026	0.32508577817973544
1027	0.2845218719567788
1028	0.28825858550916866
1029	0.2922845697745806
1030	0.28258706086633717
1031	0.26434350037822074
1032	0.26241956379093334
1033	0.26021432538925626
1034	0.28755872577530256
1035	0.28755872577530256
1036	0.25076898262653563
1037	0.29728285119179787
1038	0.3571406875563775
1039	0.4002980281967449
1040	0.39324064834887995
1041	0.3739262331357253
1042	0.3351933494025144
1043	0.3351933494025144
1044	0.32549584049427094
1045	0.3314068118194592
1046	0.3273671550246636
1047	0.3577821474396532
1048	0.3497877973836603
1049	0.32192956066164446
1050	0.3249619309939399
1051	0.3249619309939399
1052	0.3394668412018168
1053	0.3496354490306081
1054	0.36205083181408587
1055	0.38704662972231224
1056	0.3910862865171078
1057	0.35164444507893655
1058	0.34198899631440743
1059	0.31093555363566633
1060	0.3419694698350656
1061	0.3891676496428776
1062	0.39724260230220276
1063	0.4154861627903192
1064	0.4454503582819377
1065	0.4707545234208089
1066	0.5387044168237247
1067	0.5582894244087352
1068	0.5679983058078195
1069	0.5760732584671447
1070	0.5690012313400536
1071	0.6096793907181278
1072	0.6466200125852969
1073	0.6679293538888716
1074	0.6184499778277688
1075	0.6263394188567534
1076	0.6665183441198073
1077	0.6634859737875118
1078	0.6807917249248913
1079	0.6630078908664817
1080	0.6319739746670824
1081	0.5918331747071355
1082	0.6400667838923231
1083	0.674504538411243
1084	0.6953809768244298
1085	0.6825682266930583
1086	0.6146183332901425
1087	0.6202043437305964
1088	0.6669874900377691
1089	0.6852410583779067
1090	0.6852410583779067
1091	0.6861143883055221
1092	0.6447646535371205
1093	0.6364258795127429
1094	0.6461454724043217
1095	0.6485140180292199
1096	0.6808234115280138
1097	0.686503347624797
1098	0.652348858919586
1099	0.6604238115789112
1100	0.6725088228771319
1101	0.6711313791260501
1102	0.6178551876138327
1103	0.5682062429390918
1104	0.5397939955038592
1105	0.5187565289164864
1106	0.5284761218080651
1107	0.5195935141363857
1108	0.5080198298030385
1109	0.48737124490035894
1110	0.5439746683943929
1111	0.5430476672166676
1112	0.5246516510793905
1113	0.5376378439425357
1114	0.5376378439425357
1115	0.5720089674136064
1116	0.5533989699386723
1117	0.5710126429046255
1118	0.5376589928724064
1119	0.5255443834182857
1120	0.5277158978702806
1121	0.5323161528344996
1122	0.55714201922422
1123	0.55714201922422
1124	0.5403935688514305
1125	0.5540694344846864
1126	0.5626721548157765
1127	0.5664876338310716
1128	0.509454681004041
1129	0.5415732466704888
1130	0.5109256452829053
1131	0.470301157154941
1132	0.5288130330312197
1133	0.5070410988703336
1134	0.5070410988703336
1135	0.45378843679487735
1136	0.39587045871316817
1137	0.39748813722182613
1138	0.4209379169012902
1139	0.4330525263554109
1140	0.4341285897681235
1141	0.4295283348039045
1142	0.4113676069901321
1143	0.4470681203910476
1144	0.45372077345719264
1145	0.44641670163101155
1146	0.43516641553543367
1147	0.3886871905461596
1148	0.4215724294833706
1149	0.4269614503916566
1150	0.40100562828520625
1151	0.4309698237768247
1152	0.36438592077345494
1153	0.34763747040066556
1154	0.35165504321212576
1155	0.3544099307142893
1156	0.35844958750908484
1157	0.3458708891006186
1158	0.36461591721268666
1159	0.42163199740051355
1160	0.41599691714582876
1161	0.4591995036992782
1162	0.4719303812606074
1163	0.47954271949775135
1164	0.4728900664316063
1165	0.45682076371628827
1166	0.5075877190615492
1167	0.5718155968464461
1168	0.538930357909235
1169	0.5375877066005287
1170	0.5559100198231975
1171	0.5219061675367835
1172	0.5852784134945074
1173	0.6134583799618567
1174	0.6108182509014782
1175	0.591691117441591
1176	0.5957234877738864
1177	0.6122364807533736
1178	0.6074209069530702
1179	0.5382902173111226
1180	0.5479071236160337
1181	0.5263206561821285
1182	0.5590551737962709
1183	0.512709951825916
1184	0.5562095488478775
1185	0.5562095488478775
1186	0.5275825069576683
1187	0.4593149723779758
1188	0.46335462917277137
1189	0.41747010101516524
1190	0.40318744458729194
1191	0.44290292231932027
1192	0.39865780982148374
1193	0.40170104047648725
1194	0.39060400383382665
1195	0.43057819282069365
1196	0.42250616569360266
1197	0.39366058355118727
1198	0.4224280957492755
1199	0.4603276551082036
1200	0.484200762566566
1201	0.5292180211491833
1202	0.5017309380027009
1203	0.5432240791480331
1204	0.5131268140067055
1205	0.5274094704345788
1206	0.5022371866472316
1207	0.5339526643792599
1208	0.5681187103121658
1209	0.6121832552737004
1210	0.6304268157618169
1211	0.6397840327814712
1212	0.620656899321584
1213	0.583753766102448
1214	0.6265263066304545
1215	0.5936241447706785
1216	0.5936241447706785
1217	0.6039043358316808
1218	0.5721713879073282
1219	0.5342718285484002
1220	0.49915925853620824
1221	0.42987831506955904
1222	0.40925987398019126
1223	0.38309932199778735
1224	0.39046941246139466
1225	0.3721470992387258
1226	0.36810744244393023
1227	0.3404316215066975
1228	0.3163405282331168
1229	0.31897938604035675
1230	0.3064157616490235
1231	0.2573430668973408
1232	0.2971496773747062
1233	0.3209819298313101
1234	0.31328296229749847
1235	0.32032554462452817
1236	0.3630761461077525
1237	0.3487562982519547
1238	0.33263868253200146
1239	0.37471191434241025
1240	0.4273913252196258
1241	0.48577496252565133
1242	0.4746779258829908
1243	0.455305679925267
1244	0.4451807019594963
1245	0.46692518298062735
1246	0.4780222196232879
1247	0.5100465561061174
1248	0.5102517945077945
1249	0.4836573512491336
1250	0.49223394090256595
1251	0.5520253101719479
1252	0.536306853054278
1253	0.5165069709299697
1254	0.5346775501986796
1255	0.5246025975393545
1256	0.5019609555662438
1257	0.545397017883214
1258	0.548924326191408
1259	0.5471651722272928
1260	0.49610831759899543
1261	0.4541024328453429
1262	0.4954664434266913
1263	0.4995061002214869
1264	0.5108545406834659
1265	0.5002070963049954
1266	0.4891100596623349
1267	0.46941831234243364
1268	0.5055288211788351
1269	0.49513945456030034
1270	0.5252723020905173
1271	0.5151307961346826
1272	0.5414729994671863
1273	0.5516971548851065
1274	0.4984530026222016
1275	0.5423831389283849
1276	0.5727669550742349
1277	0.578969615456655
1278	0.5992193564138588
1279	0.5792723158376145
1280	0.6155207222222161
1281	0.5961105993375476
1282	0.5587862455509948
1283	0.5836975331223891
1284	0.5560217121851564
1285	0.5592445233982937
1286	0.60499084203728
1287	0.5926582528743517
1288	0.5774816807442616
1289	0.5718017446474783
1290	0.5468224942517143
1291	0.5068922238297459
1292	0.4605015239323421
1293	0.4623143008974447
1294	0.4995994767104741
1295	0.4653668493125343
1296	0.4312463196142944
1297	0.4229716074962524
1298	0.39061796857742237
1299	0.3783229584344642
1300	0.3514593111190364
1301	0.3554916814513319
1302	0.3657718725123341
1303	0.37128003552910327
1304	0.3833650468273239
1305	0.3787647918631049
1306	0.3370581300189141
1307	0.3818434966620098
1308	0.3706778654595961
1309	0.4010520069297649
1310	0.3816418840450964
1311	0.38301932779617814
1312	0.38301932779617814
1313	0.4247264195058501
1314	0.3914809004876162
1315	0.3817833915793728
1316	0.3817833915793728
1317	0.3444590377928199
1318	0.3554891346100466
1319	0.4137863369558866
1320	0.419114191863138
1321	0.4518890764192173
1322	0.4539414745211433
1323	0.4292019600297629
1324	0.4130772919367467
1325	0.40739735583996345
1326	0.4033576990451679
1327	0.36160470273436773
1328	0.3745906863712359
1329	0.344216544901067
1330	0.3752504611004663
1331	0.42450164309711413
1332	0.44693002956668676
1333	0.41298588759830057
1334	0.4665249635500593
1335	0.47220489964684254
1336	0.5042616837643468
1337	0.5382304021176496
1338	0.539225193429975
1339	0.5352655796696256
1340	0.5372307924051511
1341	0.5460226034213712
1342	0.5296503574636474
1343	0.5816973524385111
1344	0.5914169453300898
1345	0.624451425531858
1346	0.6385660349859787
1347	0.6314940078588877
1348	0.6247880486565823
1349	0.6350682397175846
1350	0.6040343235181853
1351	0.5654305859000079
1352	0.5679134870018296
1353	0.5761379824947983
1354	0.5464651391196396
1355	0.5671605386430503
1356	0.5308461180219429
1357	0.5233297581096645
1358	0.5494306338842951
1359	0.5231174229160817
1360	0.49674208729588765
1361	0.459217974050618
1362	0.48330612741031354
1363	0.4604999138593987
1364	0.47577611887604637
1365	0.4457740090065737
1366	0.43165939955245297
1367	0.476054232140734
1368	0.4456860543464757
1369	0.44108579938225667
1370	0.45534232513247225
1371	0.4539648813813906
1372	0.42501393701520057
1373	0.42185521546463045
1374	0.4140582856033487
1375	0.39071532031545014
1376	0.3786007108613294
1377	0.3481086956255094
1378	0.3002633388297477
1379	0.2641669340853796
1380	0.27386444299362306
1381	0.2882178768038705
1382	0.26412972344417496
1383	0.22516934912864733
1384	0.2272329713743218
1385	0.24026990375734442
1386	0.24734193088443543
1387	0.2426991122653805
1388	0.2524187051569593
1389	0.2758413225138612
1390	0.2615847967636456
1391	0.2509373523851751
1392	0.2955960253040679
1393	0.29554358104748085
1394	0.3167719401619981
1395	0.35627373087242065
1396	0.3930634740211876
1397	0.3930634740211876
1398	0.4328917329978072
1399	0.4328917329978072
1400	0.4312691767488889
1401	0.4453650397074774
1402	0.47585705494329733
1403	0.48292908207038837
1404	0.4599093187112831
1405	0.4398003592011694
1406	0.4784746507130647
1407	0.43872263674383855
1408	0.44911200336237334
1409	0.455685270845921
1410	0.45871764117821645
1411	0.45871764117821645
1412	0.4261735777134443
1413	0.4030079316678122
1414	0.3697426401702723
1415	0.3231688223327588
1416	0.2904187359787874
1417	0.30871491852379856
1418	0.2810012690012996
1419	0.32602467129636753
1420	0.31794971863704236
1421	0.2773858124140857
1422	0.27124786918621585
1423	0.3019499867533549
1424	0.31164749566159833
1425	0.3187195227886893
1426	0.30468868188173126
1427	0.316803291335852
1428	0.29669433182573834
1429	0.26405088122080106
1430	0.2610185108885056
1431	0.28263463000804984
1432	0.27759204768102014
1433	0.29132223446890537
1434	0.29296980023339314
1435	0.32218174081553597
1436	0.34735402460288317
1437	0.3959943726102027
1438	0.390951790283173
1439	0.3459283879881051
1440	0.3540033406474303
1441	0.3540033406474303
1442	0.35670868879338097
1443	0.3646808627381373
1444	0.3673159429928221
1445	0.4114817524683386
1446	0.3797662747363103
1447	0.42176614687308567
1448	0.4355033125761246
1449	0.4324709422438292
1450	0.4741380970244281
1451	0.4893686013075735
1452	0.5085799073029597
1453	0.4891697844182912
1454	0.47945019152671237
1455	0.4502382509445696
1456	0.42506596715722245
1457	0.3860013458562912
1458	0.37892931872920016
1459	0.3990382782393138
1460	0.39096332557998864
1461	0.41743136884435683
1462	0.42437580097687
1463	0.40362528024611005
1464	0.3912926910831818
1465	0.3497744473721531
1466	0.3497744473721531
1467	0.29565996578125703
1468	0.3036672810993491
1469	0.34170085611496226
1470	0.2959940445395678
1471	0.24942782824529935
1472	0.22314449512282222
1473	0.21910483832802666
1474	0.2869226163607964
1475	0.2869226163607964
1476	0.28288295956600085
1477	0.2733333635372702
1478	0.31742673067765065
1479	0.30135742796233256
1480	0.30135742796233256
1481	0.31196352169452807
1482	0.27795966940811406
1483	0.25700352829468326
1484	0.25700352829468326
1485	0.25700352829468326
1486	0.25700352829468326
1487	0.280125453066896
1488	0.265452999172856
1489	0.25259170794458996
1490	0.2667063173987107
1491	0.3219231481159638
1492	0.3436676291370948
1493	0.3477072859318904
1494	0.2869615350262117
1495	0.2940335621533027
1496	0.3361067939637115
1497	0.3218241375358382
1498	0.30668171476164785
1499	0.3297014781207531
1500	0.3708808942121823
1501	0.3499314253086348
1502	0.366056093401651
1503	0.36201643660685545
1504	0.40141284212903006
1505	0.41180220874756496
1506	0.4367980066557914
1507	0.41367608188357863
1508	0.4106437115512832
1509	0.38547142776393595
1510	0.385676666165613
1511	0.38567677684294427
1512	0.3679719526166088
1513	0.3750293324644738
1514	0.36795730533738275
1515	0.3608852782102917
1516	0.3188120463998829
1517	0.31477238960508735
1518	0.2995586109419363
1519	0.2795712179151265
1520	0.28219750182466347
1521	0.2701124905264428
1522	0.2804558656977948
1523	0.31226643256642367
1524	0.309773160263385
1525	0.333728745714806
1526	0.31845254069815837
1527	0.35622668539238844
1528	0.374010519450798
1529	0.37969045554758124
1530	0.39458254827392625
1531	0.3744391798735368
1532	0.37039952307874124
1533	0.35930248643608065
1534	0.37604971077801513
1535	0.3800893675728107
1536	0.3800893675728107
1537	0.3964616135305345
1538	0.41566213102129346
1539	0.40859010389420247
1540	0.38995668768058367
1541	0.3859170308857881
1542	0.35944898762141986
1543	0.3467655542126783
1544	0.3058227641987467
1545	0.26579787603200766
1546	0.28744646093468723
1547	0.25939190913203597
1548	0.24464044540592184
1549	0.301588301575327
1550	0.2906986742158531
1551	0.2556251012216582
1552	0.2556251012216582
1553	0.2834813353972757
1554	0.2871011483253906
1555	0.30885624917800547
1556	0.3505317480722647
1557	0.3381991589093365
1558	0.32708496656874364
1559	0.3471939260788573
1560	0.31798198549671447
1561	0.3688318273692417
1562	0.3831516752250395
1563	0.37109656889224324
1564	0.37109656889224324
1565	0.3791715215515684
1566	0.36154050946034905
1567	0.41313920595909287
1568	0.42436336137701297
1569	0.38556782156742847
1570	0.3815653562005574
1571	0.3815653562005574
1572	0.385605012995353
1573	0.35774877881973544
1574	0.379454973360095
1575	0.3576998725074801
1576	0.3452363141953636
1577	0.34119665740056804
1578	0.31937316654736286
1579	0.3327271711085989
1580	0.37847348974758527
1581	0.3346956750021491
1582	0.3532610660835622
1583	0.3726570822208394
1584	0.3823766751124182
1585	0.40616854160577265
1586	0.3924313759027337
1587	0.33111308651241106
1588	0.33717097597535006
1589	0.30929906672395063
1590	0.2949792188681528
1591	0.34122015411680434
1592	0.3371804973220088
1593	0.3371804973220088
1594	0.29510726551159994
1595	0.30743985467452817
1596	0.2782279140923854
1597	0.2879475069839642
1598	0.2879475069839642
1599	0.2745935024227282
1600	0.2800138239535609
1601	0.2800138239535609
1602	0.2471285850163499
1603	0.22066054175198171
1604	0.2109409488604029
1605	0.17503447291292767
1606	0.19140671887065147
1607	0.1984787459977425
1608	0.1781643307845879
1609	0.1964866440072568
1610	0.20355867113434783
1611	0.1613573926804919
1612	0.1756772405362897
1613	0.1756772405362897
1614	0.1756772405362897
1615	0.1593049945785659
1616	0.16334465137336146
1617	0.199371377120769
1618	0.229863392356589
1619	0.23548594860550728
1620	0.1883589652304838
1621	0.18128693810339275
1622	0.2584576664225825
1623	0.2584576664225825
1624	0.2584576664225825
1625	0.2584576664225825
1626	0.24915744759194972
1627	0.25180501335643746
1628	0.24776535656164192
1629	0.22944304333897306
1630	0.2989405875958802
1631	0.3070155402552054
1632	0.29269569239940757
1633	0.2997677195264986
1634	0.3118823289806193
1635	0.3118823289806193
1636	0.3506152127138303
1637	0.3462062126994748
1638	0.4003344893598421
1639	0.4257917523982145
1640	0.43147168849499773
1641	0.45329517934820285
1642	0.3858440439205919
1643	0.4001638917763898
1644	0.4275769231126845
1645	0.43464895023977557
1646	0.4275769231126845
1647	0.4436520878685162
1648	0.46496919240351053
1649	0.4923024582610426
1650	0.4197725436718399
1651	0.45648295765561037
1652	0.45648295765561037
1653	0.4494109305285193
1654	0.44536834820148963
1655	0.4494080049962852
1656	0.4406393167546927
1657	0.43655578269217105
1658	0.3519354907959837
1659	0.30478636879337495
1660	0.31842084790974634
1661	0.29659735705654117
1662	0.3686309668752116
1663	0.38602659675144213
1664	0.3666855925422384
1665	0.35961356541514744
1666	0.363653222209943
1667	0.33785846456253255
1668	0.33266602812055435
1669	0.3597082249372954
1670	0.38488050872464263
1671	0.34009514208154695
1672	0.3584174553042158
1673	0.3624571120990114
1674	0.35438508497192034
1675	0.3832831113709228
1676	0.36938821859462245
1677	0.33213443403251325
1678	0.3361740908273088
1679	0.3361740908273088
1680	0.34203195940150144
1681	0.3501039865285925
1682	0.29576381515463795
1683	0.2761629468767304
1684	0.26809091974963933
1685	0.26809091974963933
1686	0.2945432781906638
1687	0.2945432781906638
1688	0.3224831550591822
1689	0.2778272852764879
1690	0.28368891768854
1691	0.3224218014217509
1692	0.31519652484174265
1693	0.3275291140046709
1694	0.33156877079946645
1695	0.2986310876056684
1696	0.2855941552226458
1697	0.32238389837141274
1698	0.31834424157661717
1699	0.35698514595150965
1700	0.33988781482348757
1701	0.3582838309607647
1702	0.3547974951462835
1703	0.35377992233482336
1704	0.3877837746212373
1705	0.41304618575373125
1706	0.39227376340949005
1707	0.42264194120374843
1708	0.38829698913379257
1709	0.3826170530370093
1710	0.3475434800428145
1711	0.318508105217847
1712	0.3308608482546505
1713	0.3515627392934904
1714	0.3872750964679209
1715	0.39938970592204165
1716	0.3923176787949506
1717	0.3652475285377625
1718	0.3917155718021307
1719	0.3731231639921382
1720	0.365048211332813
1721	0.34967720471110536
1722	0.3257505091892919
1723	0.3465513660634427
1724	0.33754331168525514
1725	0.3387489438171294
1726	0.3433491987813484
1727	0.3227006138786689
1728	0.3129810209870901
1729	0.3129810209870901
1730	0.3227006138786689
1731	0.3394554634114499
1732	0.334301866276997
1733	0.33930096109084207
1734	0.31166355657573674
1735	0.3519498518274092
1736	0.37936288316370387
1737	0.39309306995158916
1738	0.3884485175404261
1739	0.37809752988376955
1740	0.3861724825430947
1741	0.3871900553545549
1742	0.43626275010623755
1743	0.4084045133842217
1744	0.3931283083675741
1745	0.3787748745573266
1746	0.3741746195931076
1747	0.4156602487058545
1748	0.4156602487058545
1749	0.41162059191105893
1750	0.42372448987268524
1751	0.3932324746368652
1752	0.3749362920918541
1753	0.3328630602814453
1754	0.32074845082732456
1755	0.31689507584426485
1756	0.30780435773063897
1757	0.3214185713288
1758	0.30363473727039036
1759	0.3398975715673514
1760	0.34960645296643583
1761	0.3374918435123151
1762	0.29245880555542797
1763	0.2884191487606324
1764	0.2930194037248514
1765	0.2809047942707307
1766	0.31450088707239365
1767	0.27541027452218864
1768	0.2994984278818842
1769	0.309218020773463
1770	0.32674547967568585
1771	0.32674547967568585
1772	0.32674547967568585
1773	0.35174127758391227
1774	0.39149329155313833
1775	0.3679415597386313
1776	0.4018812278715118
1777	0.3977151281106982
1778	0.41197165386091383
1779	0.37809632195393006
1780	0.37809632195393006
1781	0.37809632195393006
1782	0.3740566651591345
1783	0.4136324800790562
1784	0.3993126322232584
1785	0.4391666863045076
1786	0.4079656100653867
1787	0.41595996012137954
1788	0.44510515935758094
1789	0.49544004622105897
1790	0.4560890964656309
1791	0.4865040888806205
1792	0.49760112552328106
1793	0.5054905665522657
1794	0.4754581454746183
1795	0.4833475865036029
1796	0.4614537829423118
1797	0.46656426457359873
1798	0.49292675494748045
1799	0.49862557770766935
1800	0.4838741139815553
1801	0.541528686596734
1802	0.5903537100346252
1803	0.5507778951147035
1804	0.5799898356968463
1805	0.5618802626367281
1806	0.5848392261768022
1807	0.5870134839496005
1808	0.5938346111087603
1809	0.5378197881484991
1810	0.5475393810400779
1811	0.5171243886250882
1812	0.5365193672182478
1813	0.5365193672182478
1814	0.5267997743266689
1815	0.5140234948995716
1816	0.4836553171053132
1817	0.4456469419572149
1818	0.400988269038322
1819	0.37916477818511685
1820	0.37613240785282137
1821	0.3255498623647336
1822	0.28782187556950295
1823	0.28782187556950295
1824	0.26264959178215574
1825	0.271273288555283
1826	0.23619971556108812
1827	0.23736627795764015
1828	0.17731179820258333
1829	0.17327214140778777
1830	0.17062457564329997
1831	0.19244806649650512
1832	0.1619560512606851
1833	0.1554248843314243
1834	0.18723545120005322
1835	0.17924110114406033
1836	0.18896069403563914
1837	0.22505709878000726
1838	0.22505709878000726
1839	0.22505709878000726
1840	0.2210174419852117
1841	0.23031766081584445
1842	0.2562947611697476
1843	0.26033441796454315
1844	0.2562947611697476
1845	0.24603554288560292
1846	0.24603554288560292
1847	0.22258576320613885
1848	0.26124838277025003
1849	0.29525223505666404
1850	0.3043048760225892
1851	0.30593116484884814
1852	0.31966833055188715
1853	0.29331425854393695
1854	0.2858577636832582
1855	0.2858577636832582
1856	0.2858577636832582
1857	0.24976135893889012
1858	0.28376521122530407
1859	0.28376521122530407
1860	0.35181341359748813
1861	0.3425131947668554
1862	0.35065813065651635
1863	0.38241402814211584
1864	0.3864536849369114
1865	0.419611599556437
1866	0.4595857885433041
1867	0.4595857885433041
1868	0.4392454822018618
1869	0.43023742782367425
1870	0.437562539410122
1871	0.41411275973065803
1872	0.41469544188341684
1873	0.41469544188341684
1874	0.3943810266702622
1875	0.4201659765750696
1876	0.41448604047828635
1877	0.4185256972730819
1878	0.41239375423806746
1879	0.46259614183811787
1880	0.41287025268860267
1881	0.4322662688258799
1882	0.39511922306674624
1883	0.3593236687863512
1884	0.38027980989978205
1885	0.3697854762981493
1886	0.32981128731128223
1887	0.34593595540429845
1888	0.3276136421816296
1889	0.3026178442734032
1890	0.3116361078583073
1891	0.3253732735613463
1892	0.3110534257055485
1893	0.3110534257055485
1894	0.3231384370037692
1895	0.28523887764484107
1896	0.30348243813295755
1897	0.33776977495893695
1898	0.31696989283462856
1899	0.26676750523457804
1900	0.2667413745569204
1901	0.24027333129255216
1902	0.2854681782951004
1903	0.28950783508989597
1904	0.26451203718166955
1905	0.2298115237807541
1906	0.2298115237807541
1907	0.21368685568773788
1908	0.2609140351540505
1909	0.2730286446081712
1910	0.2502801942353818
1911	0.26889028433661794
1912	0.29676219358801736
1913	0.29676219358801736
1914	0.28063752549500115
1915	0.32026259849333744
1916	0.34921721781303294
1917	0.3327137150454631
1918	0.3439640011410409
1919	0.3819723762891392
1920	0.39656143268133903
1921	0.39656143268133903
1922	0.34329455855169977
1923	0.3553795698499204
1924	0.36245159697701146
1925	0.3543795698499204
1926	0.3543795698499204
1927	0.3727018830725893
1928	0.3559667188420967
1929	0.3922811394632041
1930	0.38256154657162533
1931	0.4213976486885754
1932	0.3975653962319715
1933	0.4016050530267671
1934	0.41534221872980603
1935	0.4284339239381569
1936	0.40821875914628086
1937	0.3863952682930757
1938	0.45775961120229514
1939	0.4361234820119207
1940	0.4032382430747097
1941	0.4103102702018007
1942	0.44921083537912765
1943	0.4401581944132024
1944	0.4672061144682096
1945	0.47124577126300515
1946	0.4833603807171259
1947	0.5176002550542852
1948	0.49114789661326075
1949	0.4645423573912377
1950	0.49885748433611743
1951	0.43171378320968784
1952	0.4276741264148923
1953	0.44772262297979226
1954	0.44508249391941385
1955	0.3964053725075223
1956	0.36538270069679074
1957	0.3774973101509115
1958	0.28781065401902317
1959	0.27547806485609494
1960	0.30289109619238963
1961	0.3626822280481356
1962	0.34713573487875893
1963	0.3497833006432467
1964	0.31566335346114854
1965	0.33336817768748406
1966	0.3212535682333633
1967	0.2686913806735351
1968	0.2810239698364633
1969	0.2632401357780537
1970	0.23864460172475283
1971	0.23460494492995726
1972	0.26795859496217633
1973	0.24387044160248078
1974	0.23277340495982024
1975	0.23277340495982024
1976	0.23277340495982024
1977	0.23898110872836836
1978	0.23898110872836836
1979	0.2446610448251516
1980	0.2172480134888569
1981	0.15442451130081547
1982	0.1310704392928653
1983	0.13967315962395538
1984	0.13967315962395538
1985	0.11792867860282433
1986	0.13405334669584054
1987	0.13405334669584054
1988	0.11768110073811673
1989	0.11364144394332117
1990	0.10392185105174234
1991	0.11364144394332117
1992	0.1251971076477771
1993	0.14349329019278828
1994	0.14349329019278828
1995	0.1725958436464734
1996	0.18896808960419723
1997	0.17064577638152834
1998	0.19246926723473348
1999	0.18982170147024569
2000	0.20811788401525683
2001	0.216192836674582
2002	0.2656722127356848
2003	0.24734989951301595
2004	0.24734989951301595
2005	0.24734989951301595
2006	0.2312252314199997
2007	0.23829725854709075
2008	0.24801685143866953
2009	0.24801685143866953
2010	0.31661964961628497
2011	0.3190146661788269
2012	0.27410535244215184
2013	0.29858171042514725
2014	0.3203261914462783
2015	0.29122363799259315
2016	0.2788910488296649
2017	0.28998808547232546
2018	0.2985795870341099
2019	0.29554721670181444
2020	0.28129069095159887
2021	0.2732157382922737
2022	0.27256138566906213
2023	0.3166547528094425
2024	0.3263743457010213
2025	0.3263743457010213
2026	0.3263743457010213
2027	0.31930231857393027
2028	0.34404183306531066
2029	0.34808148986010623
2030	0.2891982845740696
2031	0.3378280109370103
2032	0.3725688474719771
2033	0.34616855290169435
2034	0.33249609900765437
2035	0.3284564422128588
2036	0.36653568350157517
2037	0.36917581256195364
2038	0.338760820146964
2039	0.345818199994829
2040	0.36677434110825985
2041	0.3906065935648637
2042	0.3538961795810932
2043	0.3138424692355084
2044	0.32241905888894073
2045	0.34586883856840483
2046	0.37636085380422485
2047	0.3874578904468854
2048	0.35299878306392624
2049	0.3560311533962217
2050	0.3463115605046429
2051	0.289606881482377
2052	0.29670420350543686
2053	0.2843716143425086
2054	0.28033924401021315
2055	0.30044820352032675
2056	0.27264915329261263
2057	0.2589119875895737
2058	0.26295164438436924
2059	0.2558942645365042
2060	0.2349381234230734
2061	0.23977936993387874
2062	0.23170441727455357
2063	0.2444119848216925
2064	0.24786028329781237
2065	0.2244105036183483
2066	0.20363808127410712
2067	0.24136606806933777
2068	0.24136606806933777
2069	0.23429404094224676
2070	0.24401363383382554
2071	0.24704600416612102
2072	0.2189450113111334
2073	0.2538657288318655
2074	0.2498260720370699
2075	0.22971711252695629
2076	0.22346929179824954
2077	0.23720645750128852
2078	0.23316680070649295
2079	0.26084262164372574
2080	0.27317521080665397
2081	0.24450171183924474
2082	0.2683339642958486
2083	0.2515867399539141
2084	0.23691428605987414
2085	0.25604141951976145
2086	0.2604364360823034
2087	0.21161141264441213
2088	0.2156510694392077
2089	0.2156510694392077
2090	0.25401844677908725
2091	0.27194221756022263
2092	0.2622447086519792
2093	0.2273239911312471
2094	0.23943860058536784
2095	0.28841742219376865
2096	0.2803453950666776
2097	0.27064788615843416
2098	0.27064788615843416
2099	0.24297206522120143
2100	0.22659981926347764
2101	0.22256016246868207
2102	0.21600535775227697
2103	0.2516340308401158
2104	0.27770421396150546
2105	0.2585770805016182
2106	0.24850212784229303
2107	0.24850212784229303
2108	0.24446247104749746
2109	0.24850212784229303
2110	0.20041515761083467
2111	0.17541935970260827
2112	0.17845173003490372
2113	0.1885266826942289
2114	0.17641207324010816
2115	0.1274332516317073
2116	0.13147290842650286
2117	0.1274332516317073
2118	0.13954786108582803
2119	0.1840557340137659
2120	0.19212776114085692
2121	0.19919978826794796
2122	0.18999729318707434
2123	0.1543686200992355
2124	0.18872888700364554
2125	0.1927685437984411
2126	0.18872888700364554
2127	0.20084349645776628
2128	0.24169040814093656
2129	0.25594693389115214
2130	0.25594693389115214
2131	0.3026503366599267
2132	0.29557830953283565
2133	0.30157265958882856
2134	0.3216816190989422
2135	0.3216816190989422
2136	0.32736155519572546
2137	0.3533173773021758
2138	0.34120276784805503
2139	0.2926552381253216
2140	0.2845832109982306
2141	0.2815508406659351
2142	0.2999282464476344
2143	0.31605291454065065
2144	0.2485504373877599
2145	0.24451078059296433
2146	0.2648778178630136
2147	0.2968277533704275
2148	0.29566629190853827
2149	0.27737010936352713
2150	0.27737010936352713
2151	0.27273993840516136
2152	0.3019518789873042
2153	0.28184291947719053
2154	0.31997380894925864
2155	0.3519516272179538
2156	0.3881165624839812
2157	0.3961645926639448
2158	0.4129118170058793
2159	0.4169514738006749
2160	0.4713269364749479
2161	0.48160712753595014
2162	0.45818713942722117
2163	0.4603586538792161
2164	0.47145569052187664
2165	0.4754953473166722
2166	0.48300021929802234
2167	0.4460077014635787
2168	0.40632225124229765
2169	0.427639355777292
2170	0.427639355777292
2171	0.395285716858462
2172	0.37579336916789796
2173	0.3798330259626935
2174	0.3379654229382356
2175	0.3312500158020344
2176	0.2853654876444282
2177	0.29658070824423893
2178	0.31116919591342745
2179	0.3071295391186319
2180	0.2691263224020826
2181	0.25884613134108037
2182	0.2517741042139893
2183	0.2720776665513321
2184	0.26098062990867155
2185	0.2900831833623566
2186	0.2759484398139962
2187	0.27859600557848396
2188	0.285668032705575
2189	0.2643509281705806
2190	0.27646553762470133
2191	0.2707856015279181
2192	0.2811931420962266
2193	0.30636542588357385
2194	0.33789528103716504
2195	0.31667252669946666
2196	0.347040704493725
2197	0.3018216316075003
2198	0.3308289180419261
2199	0.3600408586240689
2200	0.34366861266634513
2201	0.36609699913591776
2202	0.4183303517318147
2203	0.38377026364425637
2204	0.38377026364425637
2205	0.3977622128585503
2206	0.3840250471555113
2207	0.37430545426393247
2208	0.3672334271368415
2209	0.3951053363882409
2210	0.3829907269341202
2211	0.3829907269341202
2212	0.3811859066969018
2213	0.375423745794223
2214	0.3315613014777036
2215	0.327521644682908
2216	0.30522549401574073
2217	0.34692142173911517
2218	0.2962980161851451
2219	0.2711257323977979
2220	0.2751653891925935
2221	0.24869734592822526
2222	0.2035360204594193
2223	0.24156959547503254
2224	0.25128918836661135
2225	0.20415502890383674
2226	0.21122705603092778
2227	0.2182990831580188
2228	0.2512367663518168
2229	0.22336485710041737
2230	0.22336485710041737
2231	0.2290447931972006
2232	0.25047449394375787
2233	0.2630887075419189
2234	0.2590490507471233
2235	0.2590490507471233
2236	0.25097702362003227
2237	0.2276034091193267
2238	0.2316209819307869
2239	0.22758132513599133
2240	0.22354166834119577
2241	0.26928798698018214
2242	0.3104559372783454
2243	0.2847549514256605
2244	0.30949446591704083
2245	0.30949446591704083
2246	0.32889048205431803
2247	0.39055614420499835
2248	0.36469048813829136
2249	0.36469048813829136
2250	0.36469048813829136
2251	0.35497089524671255
2252	0.34021467918571285
2253	0.33922425890228264
2254	0.3432639156970782
2255	0.34730357249187377
2256	0.39196224541076663
2257	0.37767958898289333
2258	0.3679820800746499
2259	0.37202173686944545
2260	0.3800937639965365
2261	0.3383871021523457
2262	0.33071103095004795
2263	0.31433878499232415
2264	0.28391933440416056
2265	0.31706154465264125
2266	0.2986655285153641
2267	0.22992783923759275
2268	0.2228558121105017
2269	0.22992783923759275
2270	0.24424768709339056
2271	0.24828734388818613
2272	0.24828734388818613
2273	0.21321377089399124
2274	0.2513689218907278
2275	0.24732926509593223
2276	0.2026705921770394
2277	0.19863093538224383
2278	0.19459127858744826
2279	0.19459127858744826
2280	0.19623884435193606
2281	0.23777039352391394
2282	0.24160131988923833
2283	0.2496733470163294
2284	0.2567307268641944
2285	0.2728792684746597
2286	0.28709045863048066
2287	0.34780716679657175
2288	0.3558791939236628
2289	0.4249043034909864
2290	0.4176564827622796
2291	0.41361682596748406
2292	0.44321052432400576
2293	0.46331948383411936
2294	0.433239285496708
2295	0.45336641895659524
2296	0.4574060757513908
2297	0.4935024804957589
2298	0.4935024804957589
2299	0.522605033949444
2300	0.5169250978526608
2301	0.49634968979411387
2302	0.45195485720583284
2303	0.4438828300787418
2304	0.4495330177780158
2305	0.40024226591906975
2306	0.4120789958182559
2307	0.374812067331629
2308	0.3667400402045379
2309	0.29064290351012323
2310	0.2835708763830322
2311	0.2835708763830322
2312	0.22898138011828414
2313	0.21291207740296608
2314	0.20079746794884534
2315	0.18067033448895806
2316	0.1989138949770745
2317	0.1989138949770745
2318	0.1989138949770745
2319	0.184067867273605
2320	0.18002821047880943
2321	0.1955963187935397
2322	0.22185872992603364
2323	0.2258983867208292
2324	0.20915116237889472
2325	0.20915116237889472
2326	0.1914034611545204
2327	0.16795368147505635
2328	0.18977717232826147
2329	0.22266241126547243
2330	0.22266241126547243
2331	0.226702068060268
2332	0.2756718611612468
2333	0.3072608774542901
2334	0.31130053424908566
2335	0.35984806397181907
2336	0.33756484668890707
2337	0.3513385213729259
2338	0.3513385213729259
2339	0.3330423388279148
2340	0.3330423388279148
2341	0.29247843260495815
2342	0.27025567826725977
2343	0.2662160214724642
2344	0.27025567826725977
2345	0.27025567826725977
2346	0.2682032801653338
2347	0.2682032801653338
2348	0.2504194461069242
2349	0.22725380006129203
2350	0.22725380006129203
2351	0.22725380006129203
2352	0.18535603408740425
2353	0.16184197045368615
2354	0.15780231365889058
2355	0.14535118868052527
2356	0.14535118868052527
2357	0.09952076604693383
2358	0.1162679903888683
2359	0.12030764718366387
2360	0.12030764718366387
2361	0.14530344509189025
2362	0.18403632882510124
2363	0.19615093827922198
2364	0.1921112814844264
2365	0.1921112814844264
2366	0.18751102652020743
2367	0.22192913704952072
2368	0.22760907314630394
2369	0.23162664595776414
2370	0.23162664595776414
2371	0.2397015986170893
2372	0.2544530623432034
2373	0.2423384528890827
2374	0.2566583007448805
2375	0.2205618960005124
2376	0.2369341419582362
2377	0.2369341419582362
2378	0.22018691761630174
2379	0.21614726082150618
2380	0.21614726082150618
2381	0.19115146291327978
2382	0.1666751049302844
2383	0.15456049547616363
2384	0.15456049547616363
2385	0.16263252260325467
2386	0.16903759780469207
2387	0.1346194872753788
2388	0.12489989438379998
2389	0.118234755807852
2390	0.13034936526197277
2391	0.15902111648811293
2392	0.18210693937158282
2393	0.18210693937158282
2394	0.21029134060969484
2395	0.21736336773678588
2396	0.2009911217790621
2397	0.25702433102880906
2398	0.2975882372517657
2399	0.2975882372517657
2400	0.3113254029548047
2401	0.3113254029548047
2402	0.29706887720458913
2403	0.3494697819103823
2404	0.3494697819103823
2405	0.34139775478329126
2406	0.325273086690275
2407	0.3435692692352862
2408	0.35328886212686494
2409	0.3605366828555717
2410	0.3524617301962466
2411	0.3116753695159856
2412	0.2996512947165216
2413	0.2996512947165216
2414	0.2980287384676033
2415	0.29499636813530783
2416	0.30471596102688664
2417	0.25436268787392285
2418	0.2395935392983767
2419	0.2506905759410373
2420	0.23695341023799826
2421	0.27402754723456196
2422	0.2863601363974902
2423	0.23395923169169702
2424	0.2379988884864926
2425	0.2379988884864926
2426	0.2379988884864926
2427	0.22374236273627698
2428	0.2140227698446982
2429	0.20677494911599142
2430	0.2558810391422788
2431	0.25992069593707434
2432	0.2504852366793274
2433	0.2504852366793274
2434	0.2374754530857353
2435	0.25118302063287423
2436	0.245503084536091
2437	0.27855603217251873
2438	0.25276127452510827
2439	0.33085047486568026
2440	0.3348901316604758
2441	0.30488802179100316
2442	0.28851577583327936
2443	0.28851577583327936
2444	0.29419571193006255
2445	0.30529274857272315
2446	0.30529274857272315
2447	0.30529274857272315
2448	0.3381779875099341
2449	0.33514561717763863
2450	0.2819998703565557
2451	0.29433245951948395
2452	0.27088267984001985
2453	0.27088267984001985
2454	0.24301077058862042
2455	0.2349831391382647
2456	0.23094348234346915
2457	0.2347447596529762
2458	0.27478356685369665
2459	0.18559732987046412
2460	0.2100074527551326
2461	0.2100074527551326
2462	0.2197270456467114
2463	0.2197270456467114
2464	0.2100074527551326
2465	0.20598244323956308
2466	0.24488300841688995
2467	0.27133536685791443
2468	0.2575772613805908
2469	0.2575772613805908
2470	0.26729685427216954
2471	0.25092460831444574
2472	0.25092460831444574
2473	0.25092460831444574
2474	0.25092460831444574
2475	0.248277042549958
2476	0.2967350498380642
2477	0.2869509751493176
2478	0.2620267774027179
2479	0.28213573691283156
2480	0.26800580508916527
2481	0.2609337779620743
2482	0.2582862121975865
2483	0.28615812144898595
2484	0.34574175079683434
2485	0.4230346586565993
2486	0.395231130121933
2487	0.36473911488611294
2488	0.3761039966620457
2489	0.39036052241226127
2490	0.41673733426505055
2491	0.44597101219174984
2492	0.48628509003804343
2493	0.497382126680704
2494	0.5489768246183441
2495	0.5736202752232813
2496	0.5292019247299706
2497	0.4964518383759994
2498	0.5047870086013426
2499	0.5150930415062185
2500	0.516897861743437
2501	0.5290124711975577
2502	0.5751845963333715
2503	0.5553847142090631
2504	0.5197277803830282
2505	0.44747745485029294
2506	0.44610001109921116
2507	0.4899022058320167
2508	0.4674822177232877
2509	0.4862601721748402
2510	0.48904755102277686
2511	0.46385352989087314
2512	0.43061147917167064
2513	0.4567983622275671
2514	0.418940829992966
2515	0.4316201848492187
2516	0.4636890655888057
2517	0.47794559133902126
2518	0.4848639894538156
2519	0.454448997038826
2520	0.4845652641944612
2521	0.5095247917369041
2522	0.4633526666010903
2523	0.46939524892812007
2524	0.5003488441059074
2525	0.49630626177887766
2526	0.5344887699986138
2527	0.527760712262372
2528	0.5390609310930048
2529	0.5090588212235321
2530	0.47017503763122737
2531	0.4661353808364318
2532	0.4895553689451607
2533	0.45227144924660373
2534	0.4385342835435647
2535	0.3941394509552837
2536	0.3691279500635617
2537	0.3726552583717557
2538	0.3641105714307026
2539	0.38639378871361457
2540	0.34015285346496305
2541	0.3350565347370945
2542	0.3350565347370945
2543	0.3249815820777694
2544	0.2892284248380558
2545	0.2851960545057603
2546	0.24701354628602412
2547	0.2317629001426656
2548	0.22876290014266557
2549	0.2451406526950386
2550	0.2918568959491744
2551	0.31522393321922376
2552	0.32853411271620925
2553	0.32853411271620925
2554	0.3927976989582848
2555	0.4339960701271249
2556	0.4784885297492124
2557	0.47303728485373114
2558	0.4552534507953216
2559	0.4329702335124096
2560	0.4450848429665303
2561	0.41714668149263073
2562	0.4318981452187448
2563	0.4318981452187448
2564	0.4168106685536531
2565	0.4208430388859486
2566	0.43897968016998734
2567	0.4726969144574952
2568	0.49688857472272796
2569	0.5077829327332154
2570	0.4751812989332003
2571	0.47590241502284664
2572	0.43210022029004114
2573	0.45602691581185456
2574	0.43451393105300334
2575	0.4096878058418871
2576	0.354098309577139
2577	0.3611758432988793
2578	0.3642082136311747
2579	0.3753052502738353
2580	0.4387466443615062
2581	0.45300317011172175
2582	0.4352193360533122
2583	0.44227671590117723
2584	0.43823705910638167
2585	0.48189283552919787
2586	0.4637561942451591
2587	0.4471160342817731
2588	0.4136241551859075
2589	0.39757620004096716
2590	0.38750124738164204
2591	0.38173540724461535
2592	0.4316054866730023
2593	0.41171844794598433
2594	0.39638087779905473
2595	0.3911056684839915
2596	0.41023280194387873
2597	0.41508755491615207
2598	0.4243877737467849
2599	0.4480315736390912
2600	0.41524811062530614
2601	0.4286674058123233
2602	0.4286674058123233
2603	0.4572558193909438
2604	0.4715756672467416
2605	0.465066936583059
2606	0.4744744771513674
2607	0.4436459391011315
2608	0.49473240872782187
2609	0.4907560740386085
2610	0.5101661969232769
2611	0.5015634765921868
2612	0.4700157103864687
2613	0.5111951264778979
2614	0.526624937145838
2615	0.5155279005031775
2616	0.5243066564146857
2617	0.5030741508900394
2618	0.5084463859534465
2619	0.5126659237340074
2620	0.4698933832060009
2621	0.4452499326010636
2622	0.4509298686978468
2623	0.41528407527136135
2624	0.41708889550857975
2625	0.397132233754849
2626	0.4093408123060847
2627	0.40530844197378924
2628	0.35926455467412854
2629	0.3915185246558443
2630	0.36806874497638026
2631	0.3928082594677606
2632	0.4167544610379961
2633	0.4242521663584585
2634	0.4266283972404484
2635	0.43470042436753936
2636	0.41386656212323497
2637	0.43466644424754336
2638	0.42264155611799115
2639	0.38368118180246347
2640	0.4336865625135523
2641	0.4346865625135523
2642	0.4249669696219735
2643	0.477348936424411
2644	0.49171628356721475
2645	0.5331982455422899
2646	0.5252295708012162
2647	0.5760702047060214
2648	0.5736751881434795
2649	0.5271013703059659
2650	0.559448626110241
2651	0.524989518727282
2652	0.4867606607291731
2653	0.4943643098874656
2654	0.44914523700124087
2655	0.4481452370012409
2656	0.462896700727355
2657	0.49089401839198044
2658	0.5052625788600972
2659	0.5093022356548927
2660	0.49904886891303
2661	0.5110858012960527
2662	0.5151254580908483
2663	0.4770000170386264
2664	0.476922994217796
2665	0.43200211196343197
2666	0.464194945160678
2667	0.4311381453142823
2668	0.4738194571284966
2669	0.48089148425558764
2670	0.4582638213428913
2671	0.4720009870459303
2672	0.4953743615874295
2673	0.45516289373256347
2674	0.45920255052735903
2675	0.4929168840805289
2676	0.5028088709593521
2677	0.4686841250644583
2678	0.44459597170476267
2679	0.4502759078015459
2680	0.4609096180979799
2681	0.4940198485014067
2682	0.5204431557779607
2683	0.5102190003600406
2684	0.47980400794505107
2685	0.4690775537345065
2686	0.44388586106146954
2687	0.42610202700306
2688	0.40932979538510567
2689	0.4062974250528102
2690	0.4076748688038919
2691	0.41168492744278745
2692	0.3923439232335838
2693	0.41936912318624475
2694	0.4562722564053808
2695	0.41952555251991547
2696	0.39752966767946596
2697	0.42100425954455967
2698	0.43737650550228346
2699	0.4607991228591854
2700	0.4643438320224579
2701	0.4111246421089175
2702	0.41629035112540674
2703	0.4152903511254068
2704	0.4223623782524978
2705	0.44298081934186556
2706	0.4237096781902678
2707	0.4237096781902678
2708	0.4185730203382489
2709	0.4185730203382489
2710	0.41719557658716716
2711	0.44222089277323917
2712	0.4341488656461482
2713	0.4122771173158675
2714	0.3753739840967315
2715	0.40304980503396426
2716	0.39333021214238545
2717	0.36022574871028146
2718	0.3509255298796487
2719	0.3275029125227468
2720	0.2856870885479349
2721	0.28972674534273046
2722	0.2678352379579306
2723	0.2704828037224184
2724	0.27978302255305115
2725	0.28894923766601444
2726	0.2818918578181494
2727	0.2818918578181494
2728	0.2850599474951555
2729	0.3069761128068103
2730	0.30432854704232254
2731	0.2932714842463443
2732	0.34455916968863554
2733	0.3817063742687232
2734	0.37766671747392766
2735	0.35567083263347815
2736	0.42997206681772415
2737	0.44285325527182984
2738	0.46173705025118916
2739	0.5249949955977848
2740	0.5169200429384597
2741	0.5266175518467031
2742	0.5465404910564903
2743	0.5664661262245614
2744	0.5598134731584163
2745	0.5507423471820536
2746	0.5894441447196883
2747	0.5894441447196883
2748	0.6030112192731748
2749	0.6232963324153759
2750	0.6571059981332764
2751	0.6732926215125631
2752	0.6772804049353244
2753	0.6427426984741422
2754	0.6467823552689378
2755	0.6687782401093874
2756	0.6258127179362643
2757	0.6008169200280379
2758	0.5952281351916369
2759	0.6001699717391789
2760	0.6412888116981648
2761	0.6275516459951257
2762	0.6080061505364204
2763	0.5783609224767705
2764	0.5686413295851918
2765	0.568546240448591
2766	0.5258047861161609
2767	0.5298371564484563
2768	0.4906820041092348
2769	0.5051880249278273
2770	0.47804349778587474
2771	0.4560972187810101
2772	0.41593635937007833
2773	0.43083699064668546
2774	0.43651692674346865
2775	0.41452104190301914
2776	0.38318532989189613
2777	0.4569599130859817
2778	0.4790217601878413
2779	0.43673105848996363
2780	0.39864458886327325
2781	0.4026842456580688
2782	0.4068658187489593
2783	0.4068658187489593
2784	0.4303155984284233
2785	0.431537803890193
2786	0.4565336017984194
2787	0.5060403074178826
2788	0.5214180599702557
2789	0.47039069679459045
2790	0.46069318788634706
2791	0.4468519752340174
2792	0.44283440242255717
2793	0.40410151868934624
2794	0.4166651430806795
2795	0.4503816125060709
2796	0.46249622196019163
2797	0.4300589573907369
2798	0.40894717755382237
2799	0.37331850446598347
2800	0.36624647733889243
2801	0.36220682054409686
2802	0.3743256304140753
2803	0.41390144533399703
2804	0.4108187029245823
2805	0.37788101973078425
2806	0.3639822584652184
2807	0.3104431825134597
2808	0.3148653120853951
2809	0.30918537598861184
2810	0.30918537598861184
2811	0.3362548207629382
2812	0.3291974409150732
2813	0.3694871519445904
2814	0.3694871519445904
2815	0.3565431048634402
2816	0.3718415267456142
2817	0.3442413738240223
2818	0.32696392608382346
2819	0.3713587586721045
2820	0.3713587586721045
2821	0.3948085383515686
2822	0.38613802695771005
2823	0.3506018688325838
2824	0.36072684679835454
2825	0.41966029468343324
2826	0.44037382490940163
2827	0.46228999022105643
2828	0.44149010809674805
2829	0.4678186290962108
2830	0.4981927705663797
2831	0.4660807434650236
2832	0.46204108667022803
2833	0.46810534550531935
2834	0.44582212822240735
2835	0.4193697697813829
2836	0.40407134789920895
2837	0.39840620932326104
2838	0.41049122062148163
2839	0.3660963880332006
2840	0.37013604482799617
2841	0.3466862651485321
2842	0.33867894983044006
2843	0.36752453197285545
2844	0.3537797410789699
2845	0.3252144709881496
2846	0.2934039041195207
2847	0.26744808201307035
2848	0.3045852408749388
2849	0.27825671987547607
2850	0.24384292161051163
2851	0.2367708944834206
2852	0.2367708944834206
2853	0.19041692461881204
2854	0.19041692461881204
2855	0.18637726782401648
2856	0.19063490432761956
2857	0.19063490432761956
2858	0.1979600159140674
2859	0.1979600159140674
2860	0.19392035911927183
2861	0.20824020697506965
2862	0.1985426980668262
2863	0.1935293683810147
2864	0.22123217982419302
2865	0.2173320452943029
2866	0.2465439858764457
2867	0.3021961343755619
2868	0.2701015578407232
2869	0.27413392817301874
2870	0.2812059553001097
2871	0.2812059553001097
2872	0.2812059553001097
2873	0.30061607818477826
2874	0.32289929546769025
2875	0.3269389522624858
2876	0.310566706304762
2877	0.302494679177671
2878	0.3257483022669815
2879	0.370550496999787
2880	0.370550496999787
2881	0.35623064914398916
2882	0.3839064700812219
2883	0.4050133824382233
2884	0.3605633466531105
2885	0.34116733051583337
2886	0.3159950467284861
2887	0.2820873792505009
2888	0.27401242659117575
2889	0.29613732904761464
2890	0.2890653019205236
2891	0.30117991137464434
2892	0.3082519385017354
2893	0.2848021588222713
2894	0.2625189415393593
2895	0.2681988776361425
2896	0.28457112359386627
2897	0.28861078038866184
2898	0.28534343993685757
2899	0.25486109305984983
2900	0.2909574978042179
2901	0.31882940705561735
2902	0.2992285387777098
2903	0.28313495610651984
2904	0.30658473578598394
2905	0.30658473578598394
2906	0.34144564416851525
2907	0.31970116314738417
2908	0.34065730426081503
2909	0.33831660885290266
2910	0.3423562656476982
2911	0.3302416561935775
2912	0.35791046560145323
2913	0.40950516353909333
2914	0.4135448203338889
2915	0.42157245178424463
2916	0.40923986262131634
2917	0.40923986262131634
2918	0.3658038003043461
2919	0.3514839524485483
2920	0.33370986092684907
2921	0.35241176951296316
2922	0.35241176951296316
2923	0.32356618737054776
2924	0.3001164076910837
2925	0.3094166265217165
2926	0.2705160613443896
2927	0.30340130028160056
2928	0.3048735456377424
2929	0.2770173114621248
2930	0.32843041328555406
2931	0.32843041328555406
2932	0.32015762001495546
2933	0.2898800266123097
2934	0.29555996270909296
2935	0.2778127383671585
2936	0.2778127383671585
2937	0.2737730815723629
2938	0.2737730815723629
2939	0.28184510869945395
2940	0.3181056582450251
2941	0.27153184040751155
2942	0.2634568877481864
2943	0.2594172309533908
2944	0.2594172309533908
2945	0.243044984995667
2946	0.24708464179046258
2947	0.2324955853982628
2948	0.2365195573697146
2949	0.24623915026129342
2950	0.20290100109718937
2951	0.20290100109718937
2952	0.17643295783282115
2953	0.1769393441510319
2954	0.18359199721717692
2955	0.18359199721717692
2956	0.19729956476431582
2957	0.19729956476431582
2958	0.2207493444437799
2959	0.2167169741114844
2960	0.1621341113432444
2961	0.1621341113432444
2962	0.15809445454844884
2963	0.1621341113432444
2964	0.1718537042348232
2965	0.1997256134862227
2966	0.22740143442345545
2967	0.24617938887500798
2968	0.2197270304339835
2969	0.2140470943372003
2970	0.20193248488307955
2971	0.20597214167787511
2972	0.20597214167787511
2973	0.18414865082466997
2974	0.16777640486694617
2975	0.16777640486694617
2976	0.15406883731980725
2977	0.16780600302284626
2978	0.1443562233433822
2979	0.15003615944016543
2980	0.15003615944016543
2981	0.15975575233174427
2982	0.15975575233174427
2983	0.1557160955369487
2984	0.14599650264536987
2985	0.14205128891578392
2986	0.12005540407533444
2987	0.13417004587617504
2988	0.13013038908137947
2989	0.14221540037960012
2990	0.15595256608263913
2991	0.15595256608263913
2992	0.1599922228774347
2993	0.2100002141779743
2994	0.21403987097276986
2995	0.22513690761543043
2996	0.22109725082063486
2997	0.20736008511759585
2998	0.21139974191239141
2999	0.21997633156582377
3000	0.22401598836061934
3001	0.21429639546904053
3002	0.2183360522638361
3003	0.2347082982215599
3004	0.24580533486422046
3005	0.2437021301956121
3006	0.25310967076392055
3007	0.20192089196651625
3008	0.216035501420637
3009	0.23124654533874378
3010	0.24159753299540032
3011	0.2558540587456159
3012	0.3000543793760747
3013	0.2500463880755351
3014	0.2643290445034084
3015	0.2572716646555434
3016	0.261311321450339
3017	0.32748466915768626
3018	0.3499130556272589
3019	0.3427139097249083
3020	0.3726781052165267
3021	0.3726781052165267
3022	0.39669786857563205
3023	0.3843652794127038
3024	0.3732682427700432
3025	0.3514447519168381
3026	0.33231761845695085
3027	0.3460547841599898
3028	0.35538995438533316
3029	0.33779140807724917
3030	0.3177429115123492
3031	0.35091559547676604
3032	0.321802751511399
3033	0.321802751511399
3034	0.31780028614452793
3035	0.3218326564768234
3036	0.31779299968202784
3037	0.27808769523904875
3038	0.2596916791017716
3039	0.2526342992539066
3040	0.21863044696749262
3041	0.2765484250492018
3042	0.2582085977868797
3043	0.2742779005021978
3044	0.31106764365096473
3045	0.3384806749872594
3046	0.342520331782055
3047	0.32878316607901603
3048	0.3382186253367629
3049	0.3365960690878446
3050	0.33255641229304905
3051	0.2851272025784166
3052	0.27307209624562034
3053	0.3202274504346664
3054	0.30590760257886856
3055	0.3142078214095013
3056	0.3475614714417204
3057	0.3210934281773522
3058	0.3130214010502611
3059	0.3363947755917603
3060	0.3363947755917603
3061	0.2784767975100511
3062	0.305831341615036
3063	0.2897620388997179
3064	0.2690969638439672
3065	0.28952928930343413
3066	0.28548963250863857
3067	0.30559859201875217
3068	0.2727133530815412
3069	0.2605987436274205
3070	0.2646384004222161
3071	0.2994993088047474
3072	0.3406672591029107
3073	0.2935119049138647
3074	0.29755156170866026
3075	0.28117931575093646
3076	0.29304473860494207
3077	0.3027643314965208
3078	0.3191365774542446
3079	0.29172354611794993
3080	0.29172354611794993
3081	0.29879557324504097
3082	0.2860755082564274
3083	0.30116298492151916
3084	0.29475790972008176
3085	0.24691255292432013
3086	0.2797977918615311
3087	0.26676085947850847
3088	0.29571180384469853
3089	0.3500872665189716
3090	0.34604760972417603
3091	0.32651929050457296
3092	0.3166063067000936
3093	0.3309261545558914
3094	0.3309261545558914
3095	0.34524600241168923
3096	0.30002692952546456
3097	0.29030733663388575
3098	0.2989308885843883
3099	0.2989308885843883
3100	0.2989308885843883
3101	0.2958985182520929
3102	0.27558410303893827
3103	0.2787740741140453
3104	0.3174835112976947
3105	0.3174835112976947
3106	0.2916702994875747
3107	0.2886379291552793
3108	0.26940657768066806
3109	0.22935096286219275
3110	0.22935096286219275
3111	0.2312958214394633
3112	0.2378781415553634
3113	0.2762590823532056
3114	0.3326988162955695
3115	0.3402024592929769
3116	0.3543170687470976
3117	0.3543170687470976
3118	0.3293212708388712
3119	0.33336092763366676
3120	0.33336092763366676
3121	0.33336092763366676
3122	0.33904086373045
3123	0.3430070923179328
3124	0.29457806224270466
3125	0.29861771903750023
3126	0.31801373517477743
3127	0.3282939262357797
3128	0.37248323505610237
3129	0.3581633872003046
3130	0.36623541432739565
3131	0.35923815764819905
3132	0.3183685007063196
3133	0.2727397391797706
3134	0.25116091361993803
3135	0.22933742276673286
3136	0.21522281331261212
3137	0.24498082261685328
3138	0.24902047941164884
3139	0.24498082261685328
3140	0.26508978212696693
3141	0.281159084842285
3142	0.2714394919507062
3143	0.24515615882822903
3144	0.24515615882822903
3145	0.2481885291605245
3146	0.25047849520039744
3147	0.2401983041393952
3148	0.19336142955458466
3149	0.2030810224461635
3150	0.25573182404835626
3151	0.2794203513406567
3152	0.2753806945458611
3153	0.2723483242135657
3154	0.2762202995642453
3155	0.2762202995642453
3156	0.2802599563590409
3157	0.2505019470547998
3158	0.2714580881682306
3159	0.29741391027468095
3160	0.28134460755936286
3161	0.2830591389024544
3162	0.2927787317940332
3163	0.302498324685612
3164	0.3537361612882195
3165	0.3607787436152492
3166	0.3872440056808075
3167	0.391276376013103
3168	0.38420434888601196
3169	0.3744847559944332
3170	0.3137619272651494
3171	0.2757535521170511
3172	0.2757535521170511
3173	0.2757535521170511
3174	0.23298101158904458
3175	0.23298101158904458
3176	0.23601338192134005
3177	0.2665053971571601
3178	0.2512291921405125
3179	0.22527337003406217
3180	0.2212337132392666
3181	0.19941022238606146
3182	0.18969062949448262
